1	0	0	0	0	0	1000	8.046875	7.314453	1000.972656
2	0	0	0	0	0	1000	-0.009766	7.314453	1004.146484
3	0	0	0	0	0	1000	4.140625	8.291016	997.554688
4	0.034706	-0.04157	0.01064	0.725527	0.605728	999.999573	-0.742188	12.197266	1003.414062
5	0.083828	-0.078798	0.01912	1.375292	1.463078	999.997986	3.408203	7.802734	1006.34375
6	0.128842	-0.117395	0.038212	2.04893	2.248719	999.995361	3.408203	7.802734	1006.34375
7	0.168227	-0.157041	0.049803	2.740876	2.936092	999.991943	3.164062	9.267578	999.507812
8	0.21053	-0.19824	0.060276	3.45994	3.674416	999.987244	3.896484	10.976562	999.507812
9	0.25983	-0.229661	0.078225	4.008336	4.534838	999.981689	0.478516	6.826172	1004.878906
10	0.310672	-0.27094	0.090758	4.728771	5.422166	999.974121	0.478516	6.826172	1004.878906
11	0.34929	-0.3047	0.102253	5.317993	6.096139	999.967285	3.652344	9.267578	1003.169922
12	0.397752	-0.340224	0.108337	5.937992	6.941902	999.958252	6.826172	5.605469	1006.34375
13	0.433875	-0.381374	0.115435	6.656187	7.572303	999.949158	0.478516	7.802734	1000.240234
14	0.471247	-0.39965	0.125882	6.975159	8.224526	999.941833	2.919922	8.291016	1005.855469
15	0.512078	-0.428586	0.136205	7.480169	8.937071	999.932068	2.919922	8.291016	1005.855469
16	0.547826	-0.451191	0.146552	7.874688	9.560917	999.923279	4.140625	13.417969	1003.658203
17	0.592921	-0.479173	0.157895	8.363041	10.347881	999.911499	-0.253906	12.441406	1002.4375
18	0.631341	-0.506365	0.172414	8.837622	11.01832	999.900269	2.919922	9.267578	1003.414062
19	0.664117	-0.533787	0.167743	9.316213	11.590266	999.889404	5.361328	6.582031	1002.4375
20	0.700303	-0.561642	0.183284	9.802341	12.221707	999.877258	2.919922	11.708984	996.089844
21	0.732753	-0.590193	0.188149	10.300622	12.787925	999.865173	3.896484	11.220703	1004.878906
22	0.768175	-0.61546	0.198339	10.741593	13.406004	999.852417	2.431641	10.732422	1004.146484
23	0.790943	-0.635779	0.210749	11.096211	13.803279	999.84314	1.699219	7.558594	998.042969
24	0.790943	-0.635779	0.210749	11.096211	13.803279	999.84314	1.699219	7.558594	998.042969
25	0.820487	-0.654461	0.565303	11.422257	14.318781	999.832214	1.943359	11.708984	994.625
26	0.857053	-0.671854	0.579832	11.725789	14.956802	999.819397	0.234375	8.779297	1000.728516
27	0.883105	-0.695555	1.984884	12.139427	15.411352	999.807556	4.873047	8.779297	1001.216797
28	0.913225	-0.706744	3.05419	12.334693	15.936895	999.796936	-0.498047	9.755859	1003.902344
29	0.946691	-0.732605	3.428519	12.786024	16.520769	999.781738	-0.498047	9.755859	1003.902344
30	0.982155	-0.760975	5.202598	13.281125	17.139492	999.764893	-3.427734	10.976562	1005.367188
31	1.004911	-0.78579	7.312809	13.714191	17.536459	999.752136	4.628906	15.126953	1008.785156
32	1.026425	-0.800804	8.750345	13.976212	17.911793	999.741882	2.919922	12.441406	1002.193359
33	1.053526	-0.812924	10.901371	14.187721	18.384605	999.730347	4.628906	9.511719	999.263672
34	1.089021	-0.83115	13.041456	14.505797	19.003859	999.714172	5.361328	12.929688	1005.123047
35	1.111138	-0.859402	15.196091	14.998829	19.389624	999.699524	5.605469	15.615234	1004.878906
36	1.127458	-0.877871	17.349621	15.321131	19.674276	999.689026	-2.207031	11.220703	1003.658203
37	1.149593	-0.882419	19.499161	15.400507	20.060455	999.680176	5.361328	6.826172	997.554688
38	1.166669	-0.898519	21.623953	15.681479	20.358311	999.669739	0.966797	3.164062	1000.240234
39	1.175329	-0.917882	23.759861	16.019381	20.509287	999.661316	5.605469	10	1004.634766
40	1.204199	-0.932977	25.85751	16.282808	21.012905	999.646606	5.605469	10	1004.634766
41	1.223331	-0.938595	27.940908	16.380833	21.346663	999.637939	6.826172	9.267578	1000.484375
42	1.245807	-0.957951	30.019005	16.718613	21.738676	999.623901	6.826172	10.488281	1000.484375
43	1.26317	-0.972221	32.057362	16.967644	22.041512	999.613037	4.140625	10	1003.902344
44	1.280733	-0.991145	34.080437	17.297882	22.347811	999.600586	3.652344	14.882812	1003.414062
45	1.288753	-1.003512	36.073868	17.513695	22.487642	999.593689	6.337891	10.732422	1001.949219
46	1.310708	-1.006974	37.993729	17.574108	22.870646	999.583984	4.628906	7.802734	1001.216797
47	1.317262	-1.023777	39.934032	17.867321	22.984865	999.576111	4.628906	12.441406	995.113281
48	1.332372	-1.034776	41.830463	18.059275	23.248392	999.566589	-0.498047	12.929688	1004.146484
49	1.337873	-1.058099	43.669174	18.466255	23.344185	999.556946	1.210938	9.511719	1002.4375
50	1.359554	-1.069507	45.47776	18.665339	23.722328	999.544312	1.210938	9.511719	1002.4375
51	1.375967	-1.078076	47.245903	18.814873	24.008598	999.534668	5.117188	12.197266	998.775391
52	1.378817	-1.092522	48.99247	19.066942	24.058199	999.528687	2.919922	10.732422	998.287109
53	1.384347	-1.099492	50.684998	19.18857	24.154608	999.524048	-0.009766	9.755859	1003.902344
54	1.39469	-1.123873	52.315598	19.614031	24.334843	999.511414	2.431641	11.220703	997.066406
55	1.404855	-1.135701	53.950016	19.820429	24.512066	999.503052	3.896484	12.441406	1002.681641
56	1.42909	-1.142208	55.527603	19.933973	24.934792	999.490295	3.164062	10.976562	997.554688
57	1.452418	-1.14644	57.047558	20.00782	25.341681	999.478638	6.582031	12.441406	1006.34375
58	1.469313	-1.166098	58.519497	20.350842	25.636223	999.464172	-2.939453	13.173828	1004.634766
59	1.488984	-1.177736	59.939804	20.553919	25.97925	999.451172	1.943359	13.173828	999.751953
60	1.499343	-1.17918	61.367054	20.579115	26.159946	999.445923	1.943359	13.173828	999.751953
61	1.516323	-1.185517	62.740952	20.689701	26.456068	999.435852	2.431641	8.291016	999.019531
62	1.527926	-1.198485	64.037476	20.915991	26.658342	999.425781	1.455078	13.90625	1001.705078
63	1.540091	-1.211496	65.286629	21.143019	26.870411	999.415283	3.652344	7.802734	997.066406
64	1.567385	-1.221455	66.5215	21.316805	27.346401	999.398682	0.722656	14.394531	1005.855469
65	1.576402	-1.227638	67.711678	21.424692	27.503622	999.39209	1.699219	13.417969	1001.949219
66	1.579349	-1.238804	68.856255	21.619528	27.554903	999.386475	4.140625	14.638672	996.578125
67	1.598981	-1.246624	70.001465	21.755974	27.897253	999.374023	4.628906	15.371094	1001.216797
68	1.60407	-1.25274	71.092796	21.862698	27.985954	999.369202	5.849609	15.615234	1001.460938
69	1.610372	-1.267846	72.165504	22.126272	28.095709	999.360352	3.896484	12.685547	1003.414062
70	1.622308	-1.282117	73.168129	22.37529	28.303738	999.348938	7.070312	8.779297	999.019531
71	1.629415	-1.297613	74.156616	22.645676	28.427525	999.339294	7.070312	8.779297	999.019531
72	1.63254	-1.31069	75.114517	22.873865	28.481886	999.332581	12.197266	12.929688	1005.611328
73	1.650144	-1.315643	76.000923	22.960283	28.788874	999.321777	8.046875	13.173828	1004.146484
74	1.653936	-1.319077	76.887962	23.02021	28.854971	999.318481	3.164062	15.859375	1002.4375
75	1.659478	-1.335688	77.753349	23.310034	28.951439	999.30896	-0.986328	15.126953	1004.634766
76	1.6686	-1.340335	78.595291	23.391119	29.110477	999.30249	1.943359	14.394531	1007.076172
77	1.685135	-1.345925	79.398254	23.488665	29.398792	999.291748	6.337891	10.244141	1003.414062
78	1.700134	-1.349247	80.190315	23.546631	29.660353	999.282654	3.164062	14.882812	1002.925781
79	1.700579	-1.355708	80.941635	23.659367	29.668032	999.279785	-6.113281	8.779297	1001.949219
80	1.70639	-1.359692	81.684959	23.728882	29.769333	999.275085	1.455078	9.755859	1006.34375
81	1.728156	-1.3771	82.372559	24.032621	30.148726	999.25647	1.455078	9.755859	1006.34375
82	1.733247	-1.368442	83.054825	23.881552	30.237623	999.257385	-1.230469	9.511719	1000.972656
83	1.745031	-1.367035	83.69532	23.856993	30.443169	999.25177	5.117188	10.244141	1004.878906
84	1.735169	-1.360192	84.296532	23.737598	30.271252	999.259827	-2.451172	8.291016	996.578125
85	1.751927	-1.370687	84.858658	23.920719	30.563383	999.246582	-0.498047	10	995.357422
86	1.76049	-1.374087	85.432686	23.98004	30.712681	999.24054	3.896484	10	1001.705078
87	1.763325	-1.383691	85.971794	24.147617	30.761993	999.234985	6.337891	10.244141	1002.4375
88	1.764705	-1.393705	86.504791	24.322342	30.785925	999.230042	4.628906	7.070312	1009.761719
89	1.778494	-1.405221	87.005867	24.523273	31.026255	999.217712	0.966797	10	1002.681641
90	1.798483	-1.411947	87.482452	24.640638	31.374765	999.203918	3.164062	11.220703	1002.4375
91	1.806227	-1.424004	87.94458	24.851006	31.509647	999.194458	0.722656	11.953125	1002.193359
92	1.783934	-1.401979	88.379616	24.466715	31.121174	999.216125	0.722656	11.953125	1002.193359
93	1.741568	-1.359846	88.83889	23.731565	30.382864	999.256592	7.070312	12.441406	1002.681641
94	1.702388	-1.322005	89.245628	23.071285	29.699991	999.292542	4.384766	11.953125	1003.902344
95	1.665074	-1.281693	89.658463	22.367897	29.049662	999.327698	3.652344	15.615234	1003.414062
96	1.622086	-1.247058	90.091042	21.763544	28.300259	999.362549	3.896484	11.220703	1001.705078
97	1.580217	-1.216193	90.490288	21.224983	27.570288	999.394531	2.675781	15.126953	1001.705078
98	1.545403	-1.176663	90.877281	20.5352	26.963413	999.425476	1.455078	11.708984	1003.658203
99	1.508323	-1.138051	91.246704	19.861427	26.316977	999.456299	5.361328	8.046875	1000.484375
100	1.474351	-1.104432	91.598579	19.274776	25.724655	999.483215	5.117188	5.605469	1004.634766
101	1.440941	-1.065192	91.922607	18.590029	25.142162	999.511047	2.919922	7.558594	1001.216797
102	1.405514	-1.032821	92.240402	18.025152	24.52441	999.536743	2.919922	7.558594	1001.216797
103	1.377992	-0.999949	92.568893	17.451521	24.044512	999.558533	5.117188	10.244141	1002.681641
104	1.354158	-0.967849	92.888153	16.891344	23.628941	999.578064	1.943359	13.173828	997.554688
105	1.319105	-0.938714	93.19001	16.382915	23.017605	999.60083	5.117188	15.615234	1002.4375
106	1.276583	-0.908597	93.481316	15.857346	22.275927	999.626099	3.896484	12.441406	1001.949219
107	1.248597	-0.878309	93.751656	15.328779	21.787844	999.645081	5.605469	8.046875	999.263672
108	1.219123	-0.849649	94.042747	14.828623	21.273767	999.663696	-1.230469	9.023438	997.310547
109	1.191252	-0.827488	94.304108	14.441896	20.787603	999.679626	0.722656	7.558594	1003.414062
110	1.167172	-0.803494	94.554466	14.023164	20.367582	999.694214	4.140625	14.150391	1003.658203
111	1.141203	-0.774898	94.800339	13.524103	19.914614	999.710205	1.699219	11.220703	1006.34375
112	1.118047	-0.749003	95.047798	13.072205	19.510695	999.724182	2.1875	12.685547	1000.728516
113	1.096511	-0.723937	95.300186	12.634742	19.135023	999.737061	2.1875	12.685547	1000.728516
114	1.06427	-0.698189	95.530083	12.185396	18.572575	999.753235	-1.71875	6.337891	1002.4375
115	1.042335	-0.673392	95.752953	11.752645	18.189919	999.765503	7.314453	8.046875	997.554688
116	1.014819	-0.654468	95.957138	11.422375	17.709854	999.777893	-0.986328	9.511719	1002.925781
117	0.994299	-0.629455	96.173897	10.985835	17.351866	999.789062	-1.230469	7.314453	1005.855469
118	0.976536	-0.602925	96.403053	10.522833	17.042	999.799377	0.478516	6.337891	996.822266
119	0.961558	-0.580165	96.621521	10.12562	16.780701	999.807922	5.605469	10.976562	1005.367188
120	0.939436	-0.558518	96.834068	9.747815	16.394735	999.818054	1.943359	11.708984	1004.634766
121	0.919326	-0.534926	97.016396	9.336078	16.043884	999.827698	2.431641	9.267578	1001.460938
122	0.882972	-0.510657	97.200897	8.912529	15.409547	999.841553	1.455078	18.300781	1003.902344
123	0.866252	-0.488892	97.368561	8.532681	15.117827	999.849304	1.455078	18.300781	1003.902344
124	0.846642	-0.470307	97.54232	8.208319	14.775649	999.857117	2.919922	8.291016	1000.240234
125	0.824117	-0.45711	97.697891	7.977998	14.382603	999.864746	1.455078	10.732422	999.263672
126	0.805201	-0.43742	97.878464	7.634341	14.052539	999.872131	4.628906	11.220703	999.996094
127	0.781378	-0.415248	98.031693	7.247385	13.636843	999.880737	0.478516	7.314453	1004.146484
128	0.781378	-0.415248	98.031693	7.247385	13.636843	999.880737	-0.986328	8.046875	1000.728516
129	0.764914	-0.404239	98.191154	7.05524	13.349532	999.885986	0.966797	6.582031	1006.587891
130	0.744772	-0.379542	98.331398	6.624208	12.998066	999.893555	-0.742188	10	998.53125
131	0.728815	-0.355388	98.500687	6.202659	12.719631	999.899841	-4.404297	13.662109	999.019531
132	0.712036	-0.344297	98.625191	6.009079	12.426831	999.904724	2.919922	13.90625	1002.4375
133	0.696138	-0.327465	98.749702	5.715307	12.149409	999.909851	2.919922	13.90625	1002.4375
134	0.678244	-0.309229	98.872169	5.397045	11.837146	999.915344	3.896484	11.464844	1006.099609
135	0.657742	-0.286721	99.004333	5.004207	11.479371	999.92157	-1.474609	11.953125	1001.705078
136	0.629209	-0.265403	99.127907	4.632139	10.98143	999.928955	4.140625	8.046875	1005.123047
137	0.610699	-0.244857	99.235123	4.273552	10.658417	999.934082	1.210938	10.976562	999.996094
138	0.598794	-0.226675	99.350739	3.956215	10.450649	999.937561	2.1875	8.046875	1000.728516
139	0.583379	-0.211339	99.478905	3.688561	10.181637	999.941345	2.919922	12.929688	998.042969
140	0.566065	-0.198687	99.565765	3.467737	9.879473	999.94519	3.896484	12.685547	998.287109
141	0.55309	-0.187874	99.693916	3.279011	9.653039	999.948059	-1.230469	11.220703	1003.169922
142	0.541476	-0.173116	99.809151	3.021433	9.450363	999.950806	2.919922	13.173828	1009.517578
143	0.529835	-0.157068	99.888359	2.741354	9.247204	999.953491	2.919922	13.173828	1009.517578
144	0.519402	-0.143902	100.002831	2.511557	9.065121	999.95575	1.943359	16.835938	1006.099609
145	0.506889	-0.126856	100.1269	2.214048	8.846752	999.958435	4.384766	8.779297	1000.728516
146	0.497262	-0.116574	100.233391	2.0346	8.678731	999.960266	2.431641	10.732422	1003.169922
147	0.490891	-0.104256	100.340469	1.819618	8.567541	999.96167	0.966797	7.558594	1006.832031
148	0.495052	-0.091444	100.412384	1.595999	8.640174	999.961426	11.464844	17.8125	998.042969
149	0.485114	-0.077261	100.499687	1.348451	8.466722	999.963257	6.09375	11.708984	1003.169922
150	0.474943	-0.066377	100.581886	1.158495	8.289216	999.964966	0.478516	8.779297	1002.925781
151	0.463166	-0.061602	100.701607	1.075151	8.083687	999.966736	3.896484	6.582031	1006.099609
152	0.45555	-0.050051	100.793663	0.87356	7.950767	999.968018	3.896484	6.582031	1006.099609
153	0.444421	-0.037986	100.853012	0.662977	7.756526	999.969727	4.873047	9.511719	1000.240234
154	0.427844	-0.031445	100.937248	0.548812	7.467214	999.971985	6.582031	10.488281	1000.728516
155	0.418573	-0.020702	101.003204	0.361315	7.305404	999.973267	2.431641	9.023438	1003.414062
156	0.411724	-0.016807	101.085701	0.293333	7.185877	999.974121	3.652344	6.826172	1001.216797
157	0.399941	-0.005623	101.158783	0.098136	6.980222	999.975647	3.652344	6.826172	1001.216797
158	0.388793	0.0043	101.24971	-0.075044	6.785673	999.97699	2.919922	13.90625	1005.123047
159	0.375335	0.01288	101.329308	-0.224801	6.55078	999.978516	4.384766	10.976562	1003.658203
160	0.366792	0.02132	101.422623	-0.372109	6.401691	999.979431	3.164062	8.779297	998.287109
161	0.352808	0.029612	101.49337	-0.516826	6.157619	999.980896	3.408203	15.859375	998.775391
162	0.342874	0.038319	101.553795	-0.668794	5.98425	999.981873	1.943359	5.117188	999.507812
163	0.333611	0.047388	101.608444	-0.82708	5.822569	999.982727	2.675781	14.638672	1001.705078
164	0.323903	0.058676	101.666473	-1.024096	5.653147	999.983521	8.291016	6.09375	996.333984
165	0.309549	0.067748	101.732742	-1.182423	5.402624	999.98468	7.070312	12.441406	996.333984
166	0.302108	0.076349	101.787086	-1.332543	5.272743	999.985229	-0.986328	12.197266	1005.367188
167	0.302108	0.076349	101.787086	-1.332543	5.272743	999.985229	-0.986328	12.197266	1005.367188
168	0.298892	0.080475	101.841324	-1.404558	5.216621	999.985413	0.966797	7.802734	1000.240234
169	0.298629	0.088689	101.895897	-1.547909	5.212034	999.985229	-2.451172	10	1009.029297
170	0.291174	0.096234	101.967819	-1.679605	5.081913	999.985657	3.652344	9.511719	1003.169922
171	0.29	0.094756	101.995094	-1.653798	5.061426	999.98584	-0.498047	6.582031	998.287109
172	0.280863	0.100816	102.052444	-1.759575	4.901948	999.98645	2.919922	10	1007.808594
173	0.269567	0.107923	102.169998	-1.883617	4.7048	999.987183	5.849609	14.394531	1003.658203
174	0.257801	0.117264	102.236877	-2.046643	4.499457	999.987793	-1.962891	7.558594	1001.216797
175	0.260645	0.132911	102.290733	-2.31974	4.549082	999.986938	-2.207031	12.685547	1003.169922
176	0.25354	0.143087	102.326317	-2.497334	4.425081	999.987061	2.675781	12.197266	1001.949219
177	0.25354	0.143087	102.326317	-2.497334	4.425081	999.987061	2.675781	12.197266	1001.949219
178	0.247309	0.141369	102.351227	-2.467349	4.316326	999.987671	8.779297	10.732422	999.507812
179	0.241027	0.148382	102.376526	-2.58975	4.206696	999.987793	3.652344	8.535156	1000.972656
180	0.234834	0.154143	102.423218	-2.690292	4.098599	999.987976	0.478516	12.929688	1001.460938
181	0.238368	0.164435	102.476593	-2.869923	4.160275	999.987244	3.164062	9.023438	1003.414062
182	0.242603	0.165172	102.525261	-2.882792	4.234193	999.986877	2.1875	11.464844	1000.728516
183	0.239781	0.174367	102.570999	-3.043266	4.184933	999.986633	7.314453	10	1004.390625
184	0.234158	0.175251	102.637108	-3.058695	4.086803	999.987	-4.648438	13.173828	1001.949219
185	0.229691	0.17954	102.654915	-3.133557	4.008825	999.987061	-0.253906	14.394531	1004.634766
186	0.225978	0.185377	102.695755	-3.235425	3.944034	999.987	-4.404297	8.535156	999.019531
187	0.220091	0.188298	102.718239	-3.286423	3.841289	999.987244	-4.404297	8.535156	999.019531
188	0.2202	0.200369	102.747482	-3.497097	3.843182	999.986511	5.117188	8.535156	1004.634766
189	0.212858	0.20544	102.775795	-3.585596	3.715041	999.986694	6.826172	9.511719	998.775391
190	0.207669	0.216034	102.776688	-3.770498	3.624482	999.986328	-0.253906	11.953125	1002.4375
191	0.202096	0.224921	102.797836	-3.92561	3.527209	999.986084	1.699219	10.244141	997.310547
192	0.193162	0.217712	102.855179	-3.79979	3.37128	999.987122	1.699219	10.244141	997.310547
193	0.190985	0.226441	102.875481	-3.952122	3.333279	999.986633	0.966797	11.220703	1005.123047
194	0.186176	0.231074	102.906403	-4.033	3.249344	999.986572	0.966797	7.314453	1001.705078
195	0.187747	0.246104	102.963997	-4.295319	3.276767	999.985413	4.384766	10.976562	1002.925781
196	0.184888	0.246504	103.005989	-4.302298	3.226866	999.985535	3.164062	9.755859	998.53125
197	0.183186	0.243135	103.035622	-4.243492	3.197165	999.985901	11.708984	8.779297	1004.390625
198	0.17288	0.2487	103.049934	-4.340628	3.017285	999.986023	9.511719	6.826172	1004.146484
199	0.172154	0.253539	103.079819	-4.425079	3.004628	999.985718	6.09375	8.291016	1006.587891
200	0.175772	0.255684	103.135704	-4.462509	3.067758	999.985352	3.164062	7.314453	1006.099609
201	0.15651	0.257928	103.143219	-4.501671	2.73158	999.986145	4.628906	9.511719	1000.728516
202	0.153273	0.259757	103.159302	-4.533599	2.675092	999.986145	4.628906	9.511719	1000.728516
203	0.147667	0.260567	103.159966	-4.547738	2.57725	999.986328	4.384766	7.070312	996.822266
204	0.149082	0.265073	103.158035	-4.626377	2.601949	999.985901	4.873047	10.732422	1000.484375
205	0.144384	0.267886	103.213242	-4.675467	2.519951	999.985901	2.1875	7.314453	1001.216797
206	0.146757	0.267639	103.232445	-4.671172	2.56136	999.98584	1.210938	7.314453	1004.390625
207	0.1384	0.267189	103.268044	-4.66331	2.415515	999.986206	1.210938	7.314453	1004.390625
208	0.134647	0.272239	103.282478	-4.751444	2.349997	999.985962	1.699219	9.755859	1000.240234
209	0.130121	0.27204	103.286018	-4.74798	2.271019	999.986145	3.896484	14.882812	1001.705078
210	0.131062	0.261353	103.293785	-4.561463	2.287446	999.987	9.023438	10.244141	1003.169922
211	0.13258	0.272475	103.308243	-4.755576	2.313934	999.986023	2.919922	12.197266	1003.902344
212	0.133449	0.272871	103.338203	-4.762479	2.329094	999.985962	6.582031	11.708984	1002.4375
213	0.146375	0.272297	103.359978	-4.752464	2.554693	999.985474	0.234375	6.09375	1004.878906
214	0.145071	0.278556	103.368446	-4.861702	2.531942	999.984985	4.873047	7.070312	1007.564453
215	0.140303	0.279736	103.389664	-4.882288	2.448717	999.985107	0.722656	13.662109	1003.414062
216	0.135797	0.280163	103.429939	-4.889752	2.370075	999.985229	0.966797	10.732422	1002.681641
217	0.135797	0.280163	103.429939	-4.889752	2.370075	999.985229	0.966797	10.732422	1002.681641
218	0.131928	0.284719	103.442169	-4.969262	2.302556	999.984985	9.511719	8.291016	999.751953
219	0.129579	0.287657	103.461403	-5.020548	2.261551	999.984863	-0.986328	14.150391	1004.146484
220	0.12172	0.287476	103.457573	-5.017378	2.124393	999.985168	1.943359	3.164062	1005.123047
221	0.116569	0.288831	103.462349	-5.041028	2.034484	999.985229	0.966797	8.291016	1001.460938
222	0.116092	0.294043	103.46991	-5.132001	2.026161	999.984802	5.361328	13.417969	1001.949219
223	0.112599	0.298838	103.497925	-5.215692	1.965192	999.984497	1.699219	19.277344	1001.460938
224	0.112385	0.306365	103.512642	-5.347053	1.961466	999.983765	3.896484	10.244141	1000.728516
225	0.102146	0.300078	103.554474	-5.237332	1.782765	999.98468	-0.742188	10.732422	996.822266
226	0.097653	0.301691	103.598618	-5.265469	1.704347	999.98468	3.896484	9.755859	999.996094
227	0.097653	0.301691	103.598618	-5.265469	1.704347	999.98468	3.896484	9.755859	999.996094
228	0.095774	0.303033	103.574326	-5.288895	1.671553	999.984619	3.408203	14.638672	1005.855469
229	0.091369	0.312588	103.569107	-5.455656	1.594674	999.983826	3.896484	7.314453	1003.902344
230	0.10066	0.314243	103.558182	-5.484547	1.756825	999.983398	-0.986328	9.511719	1000.728516
231	0.089842	0.316764	103.569275	-5.528539	1.568018	999.983459	3.164062	10.244141	1009.029297
232	0.089489	0.325955	103.559669	-5.688963	1.561849	999.982605	3.164062	10.244141	1009.029297
233	0.094302	0.329215	103.570221	-5.745858	1.645851	999.982117	3.408203	8.779297	1003.169922
234	0.086337	0.332372	103.594353	-5.800949	1.506848	999.982056	2.675781	11.220703	999.507812
235	0.084603	0.333626	103.617294	-5.822846	1.476583	999.981934	3.164062	8.535156	1001.705078
236	0.081922	0.328136	103.61599	-5.727015	1.429779	999.982605	-0.253906	6.582031	998.042969
237	0.083156	0.324857	103.626808	-5.669795	1.451325	999.982849	3.408203	4.873047	1004.634766
238	0.077065	0.331921	103.619247	-5.79309	1.345013	999.9823	6.337891	8.046875	1002.4375
239	0.075607	0.33472	103.631203	-5.841937	1.319562	999.982056	3.164062	17.568359	1003.902344
240	0.076634	0.340436	103.659744	-5.941689	1.337489	999.981445	-2.451172	11.953125	1003.902344
241	0.087766	0.329973	103.658035	-5.75908	1.531778	999.982239	5.605469	5.361328	997.554688
242	0.086593	0.330866	103.675529	-5.774668	1.511313	999.982178	5.605469	5.361328	997.554688
243	0.088674	0.334233	103.693344	-5.83344	1.547621	999.981812	11.464844	12.441406	1004.634766
244	0.085638	0.33452	103.722046	-5.838443	1.494645	999.981812	2.675781	14.150391	1001.216797
245	0.080034	0.34024	103.733002	-5.938276	1.396823	999.981384	-0.253906	9.511719	1000.484375
246	0.079116	0.341203	103.741356	-5.955081	1.380817	999.981323	2.1875	13.173828	1003.902344
247	0.070942	0.340252	103.726051	-5.938488	1.238146	999.981628	7.558594	9.267578	1003.902344
248	0.069417	0.342028	103.730446	-5.969483	1.211531	999.981445	-3.671875	12.685547	998.042969
249	0.063376	0.340051	103.728966	-5.934975	1.106099	999.98175	3.896484	9.023438	1002.193359
250	0.063399	0.337434	103.771103	-5.889307	1.106506	999.982056	4.384766	15.371094	999.507812
251	0.062581	0.339635	103.78051	-5.927714	1.092222	999.981812	3.164062	12.685547	1002.4375
252	0.061465	0.340934	103.794746	-5.950389	1.07275	999.98175	3.164062	12.685547	1002.4375
253	0.057085	0.338063	103.814224	-5.900272	0.9963	999.982117	1.210938	9.267578	999.263672
254	0.056933	0.341498	103.829254	-5.960229	0.993645	999.98175	3.164062	11.220703	1003.414062
255	0.057359	0.341299	103.847794	-5.956758	1.00109	999.98175	3.164062	10	1001.216797
256	0.053818	0.343086	103.862335	-5.987951	0.939286	999.981628	13.662109	13.417969	1005.611328
257	0.057508	0.340422	103.86908	-5.941448	1.003687	999.981873	13.662109	13.417969	1005.611328
258	0.058955	0.342749	103.860092	-5.982068	1.028933	999.981567	1.455078	5.117188	1003.169922
259	0.054975	0.344039	103.863602	-6.004574	0.959469	999.981506	3.652344	8.779297	1009.029297
260	0.052993	0.359118	103.889297	-6.267743	0.924879	999.979919	-0.009766	10.244141	1005.123047
261	0.043333	0.354513	103.894325	-6.187373	0.756295	999.980591	-0.498047	12.441406	999.751953
262	0.043651	0.352928	103.910713	-6.159725	0.761832	999.980713	3.652344	9.511719	1000.972656
263	0.03488	0.351093	103.918953	-6.12769	0.60876	999.981018	-5.136719	8.535156	1009.029297
264	0.033285	0.350743	103.926582	-6.121585	0.580916	999.981079	-0.253906	7.802734	1000.484375
265	0.039639	0.350001	103.951874	-6.108639	0.691825	999.981079	7.314453	6.582031	996.333984
266	0.032623	0.35925	103.957619	-6.270061	0.569374	999.980164	3.896484	9.511719	997.554688
267	0.032623	0.35925	103.957619	-6.270061	0.569374	999.980164	3.896484	9.511719	997.554688
268	0.031639	0.360964	103.924316	-6.299964	0.552198	999.97998	4.384766	8.046875	1002.925781
269	0.02981	0.363578	103.935387	-6.345592	0.520279	999.979736	-1.962891	10.732422	1000.972656
270	0.028662	0.364389	103.930908	-6.359741	0.500241	999.979675	1.210938	4.873047	1003.902344
271	0.026656	0.36372	103.918938	-6.348068	0.465218	999.979736	7.070312	15.615234	1000.728516
272	0.027607	0.365413	103.904045	-6.377609	0.481826	999.979553	4.140625	13.417969	999.263672
273	0.025887	0.373284	103.915047	-6.514982	0.451812	999.978699	7.070312	6.826172	1002.925781
274	0.023978	0.37703	103.922318	-6.58036	0.418494	999.978271	6.826172	5.849609	1005.367188
275	0.022538	0.375628	103.936241	-6.555901	0.393357	999.978455	6.337891	10.732422	1003.169922
276	0.027021	0.372527	103.947433	-6.501781	0.47159	999.97876	3.896484	4.140625	1005.611328
277	0.027021	0.372527	103.947433	-6.501781	0.47159	999.97876	3.896484	4.140625	1005.611328
278	0.027917	0.367442	103.941948	-6.413031	0.487235	999.979309	6.09375	3.652344	998.53125
279	0.024553	0.378545	103.949791	-6.606814	0.428515	999.978088	6.826172	6.582031	1007.564453
280	0.025918	0.375645	103.95018	-6.556195	0.452337	999.978394	-0.498047	7.558594	997.554688
281	0.022463	0.379119	103.952965	-6.616835	0.392047	999.978027	9.755859	13.173828	999.996094
282	0.026187	0.381353	103.939842	-6.655824	0.457045	999.977722	9.755859	13.173828	999.996094
283	0.026147	0.381406	103.936386	-6.656743	0.456338	999.977722	4.873047	10.488281	1008.052734
284	0.028065	0.375042	103.953239	-6.545673	0.48981	999.978455	3.164062	16.103516	1005.855469
285	0.019315	0.364746	103.966774	-6.365975	0.337104	999.979675	-0.009766	13.90625	998.53125
286	0.011289	0.365261	103.936684	-6.37497	0.197026	999.979675	8.046875	5.849609	996.333984
287	0.009033	0.366146	103.952095	-6.390407	0.157651	999.979553	3.896484	8.291016	1004.146484
288	0.008486	0.367871	103.942474	-6.420512	0.148113	999.97937	3.652344	6.337891	1004.878906
289	0.012355	0.368786	103.963997	-6.436484	0.215623	999.979248	6.582031	14.882812	1002.4375
290	0.01705	0.371137	103.951553	-6.477524	0.297575	999.979004	4.873047	11.220703	997.066406
291	0.015137	0.37203	103.984291	-6.4931	0.264183	999.978882	2.919922	4.384766	1003.169922
292	0.017908	0.371705	103.992203	-6.487435	0.31255	999.978882	2.919922	4.384766	1003.169922
293	0.01692	0.374619	103.990784	-6.538283	0.295297	999.978577	-1.474609	10.488281	1003.414062
294	0.00807	0.373505	104.011612	-6.518853	0.140845	999.97876	2.919922	8.046875	1002.925781
295	0.012236	0.374885	104.018471	-6.542925	0.21356	999.978577	6.09375	9.511719	1004.390625
296	0.018446	0.381819	104.034225	-6.66395	0.321929	999.977722	-0.253906	7.802734	1002.193359
297	0.020429	0.382578	104.03418	-6.677201	0.356538	999.977661	1.943359	10.976562	1001.460938
298	0.025936	0.383446	104.021835	-6.692348	0.452658	999.977478	5.605469	6.826172	1001.705078
299	0.025013	0.381843	104.040184	-6.664373	0.436541	999.977722	0.722656	8.291016	997.554688
300	0.026017	0.387712	104.056427	-6.766805	0.45408	999.97699	0.722656	11.220703	1000.240234
301	0.025991	0.39059	104.047928	-6.817024	0.45361	999.976685	6.826172	8.535156	999.751953
302	0.016523	0.394503	104.064407	-6.885325	0.288381	999.976257	6.826172	8.535156	999.751953
303	0.022482	0.396576	104.082596	-6.921502	0.392381	999.975952	3.652344	7.802734	998.775391
304	0.018483	0.400372	104.084328	-6.98776	0.322576	999.975525	2.919922	12.929688	1002.681641
305	0.014919	0.400418	104.086876	-6.988558	0.260383	999.975525	-1.71875	8.535156	1004.878906
306	0.012802	0.403542	104.119751	-7.043082	0.223424	999.975159	-0.742188	11.708984	1001.705078
307	0.011854	0.404989	104.112701	-7.068328	0.206883	999.974976	2.919922	12.441406	1004.634766
308	0.010074	0.403748	104.121872	-7.046681	0.175825	999.975159	-0.009766	10.976562	999.263672
309	0.01079	0.404988	104.126465	-7.068309	0.188324	999.974976	4.384766	9.511719	1007.564453
310	0.013674	0.40902	104.129951	-7.138685	0.238657	999.974487	-0.498047	9.267578	993.892578
311	0.013877	0.40925	104.104912	-7.142704	0.242197	999.974487	3.652344	7.314453	1002.681641
312	0.012504	0.407075	104.09684	-7.104742	0.218224	999.974731	3.652344	7.314453	1002.681641
313	0.011846	0.405674	104.10434	-7.080292	0.206745	999.974915	2.1875	11.953125	1002.193359
314	-0.00318	0.402937	104.122719	-7.032523	-0.0555	999.975281	0.234375	2.919922	1000.240234
315	-0.004366	0.40318	104.140823	-7.036764	-0.076196	999.97522	1.699219	6.826172	1002.193359
316	-0.007242	0.401393	104.121033	-7.005572	-0.126399	999.975464	4.873047	8.291016	999.996094
317	-0.00703	0.402759	104.115257	-7.029408	-0.122694	999.975281	0.234375	2.431641	998.53125
318	-0.006828	0.40307	104.122604	-7.034848	-0.119173	999.97522	3.652344	11.708984	1006.34375
319	-0.003443	0.40045	104.120346	-6.989117	-0.060082	999.975586	8.291016	10.732422	1005.855469
320	-0.012469	0.399694	104.105247	-6.975914	-0.217618	999.975647	0.966797	5.361328	1005.611328
321	-0.014332	0.404428	104.116661	-7.058546	-0.250138	999.975037	0.722656	11.220703	1006.34375
322	-0.010671	0.40486	104.131836	-7.066078	-0.186244	999.975037	0.722656	11.220703	1006.34375
323	-0.008905	0.405658	104.147804	-7.08001	-0.155422	999.974915	4.140625	9.023438	995.601562
324	-0.007138	0.40154	104.131584	-7.00814	-0.124586	999.975464	3.652344	13.173828	1000.728516
325	-0.005341	0.396191	104.095459	-6.914785	-0.093224	999.976074	5.361328	10.732422	999.019531
326	-0.007993	0.394794	104.078194	-6.890395	-0.139502	999.976257	4.873047	1.699219	1001.949219
327	-0.010085	0.388738	104.087318	-6.784711	-0.176005	999.97699	0.478516	7.558594	997.310547
328	-0.012492	0.388155	104.11293	-6.774525	-0.218019	999.977051	-2.451172	12.197266	1001.949219
329	-0.012169	0.390677	104.125519	-6.818548	-0.212386	999.976746	2.1875	4.140625	999.996094
330	-0.012037	0.392527	104.136536	-6.850835	-0.21008	999.976501	5.849609	9.511719	1004.390625
331	-0.009297	0.386323	104.11454	-6.742565	-0.162259	999.977234	1.210938	7.558594	999.263672
332	-0.011483	0.385718	104.109161	-6.732003	-0.200413	999.977295	-1.230469	12.197266	1003.169922
333	-0.018981	0.381996	104.115784	-6.667031	-0.331275	999.977722	-1.230469	12.197266	1003.169922
334	-0.021422	0.385898	104.116463	-6.735142	-0.373871	999.977234	-0.009766	9.023438	999.507812
335	-0.021456	0.388663	104.134583	-6.783393	-0.374469	999.976929	1.455078	13.173828	998.53125
336	-0.014928	0.391473	104.134659	-6.832437	-0.260531	999.976624	5.117188	7.314453	1003.169922
337	-0.015686	0.392994	104.126846	-6.858989	-0.273773	999.97644	0.478516	10.488281	999.263672
338	-0.015686	0.392994	104.126846	-6.858989	-0.273773	999.97644	5.361328	11.220703	1009.761719
339	-0.005334	0.402186	104.144379	-7.019408	-0.093094	999.975342	-0.253906	5.605469	1003.902344
340	-0.005848	0.402043	104.134018	-7.016912	-0.102068	999.975403	2.1875	11.464844	1002.4375
341	-0.006282	0.400608	104.146843	-6.991866	-0.109632	999.975525	4.384766	10.976562	1001.216797
342	-0.006598	0.397469	104.140015	-6.937082	-0.11515	999.975952	1.455078	10.976562	999.751953
343	-0.002715	0.39353	104.147018	-6.868349	-0.047382	999.97644	4.384766	7.070312	1002.681641
344	-0.002903	0.39667	104.157234	-6.923148	-0.050673	999.976013	0.478516	6.826172	1003.658203
345	-0.012755	0.406217	104.173882	-7.089772	-0.222611	999.974854	5.849609	15.371094	998.287109
346	-0.015647	0.404523	104.183388	-7.060194	-0.273082	999.975037	7.070312	9.267578	1004.634766
347	-0.017442	0.403722	104.166122	-7.046225	-0.304404	999.975159	5.117188	10.732422	999.996094
348	-0.019301	0.404746	104.162003	-7.064093	-0.336865	999.974976	6.337891	7.070312	996.578125
349	-0.021362	0.405038	104.155197	-7.069196	-0.372826	999.974915	6.337891	7.070312	996.578125
350	-0.025781	0.404348	104.172874	-7.057138	-0.449953	999.974976	2.431641	11.708984	1002.681641
351	-0.025494	0.40366	104.192924	-7.045135	-0.444952	999.975098	1.943359	6.337891	996.089844
352	-0.024079	0.404772	104.177582	-7.064539	-0.42024	999.974976	3.652344	6.09375	1003.658203
353	-0.011791	0.408362	104.166634	-7.127208	-0.205783	999.974609	-1.230469	10.244141	1004.146484
354	-0.011791	0.408362	104.166634	-7.127208	-0.205783	999.974609	8.291016	12.441406	998.775391
355	-0.012395	0.416678	104.165726	-7.272342	-0.216334	999.973511	4.140625	5.849609	999.996094
356	-0.014123	0.407486	104.162827	-7.111905	-0.246482	999.97467	4.628906	10.732422	1004.390625
357	-0.006208	0.402308	104.161819	-7.021534	-0.108346	999.975342	3.164062	9.755859	1001.216797
358	-0.005129	0.400285	104.18351	-6.986229	-0.089508	999.975586	4.384766	13.90625	1003.169922
359	-0.005743	0.400832	104.170822	-6.995773	-0.100238	999.975525	4.384766	13.90625	1003.169922
360	-0.006518	0.397641	104.179802	-6.940084	-0.113754	999.975891	8.779297	14.394531	1008.052734
361	-0.007967	0.405096	104.181427	-7.070207	-0.13905	999.974976	1.455078	14.882812	1006.832031
362	-0.006663	0.399528	104.183029	-6.973028	-0.116286	999.975708	4.628906	3.896484	999.751953
363	-0.008285	0.398362	104.201515	-6.952671	-0.144589	999.97583	10	9.511719	1001.460938
364	-0.006412	0.398371	104.193268	-6.952823	-0.111911	999.97583	-0.986328	9.755859	1001.460938
365	-0.008721	0.399604	104.182915	-6.974346	-0.152209	999.975647	3.896484	7.802734	1003.414062
366	-0.013937	0.402989	104.200119	-7.03343	-0.243246	999.97522	4.140625	10.732422	1002.681641
367	-0.021454	0.403893	104.192917	-7.049212	-0.374425	999.975098	-0.498047	9.023438	1003.902344
368	-0.019012	0.406289	104.198639	-7.091016	-0.331814	999.974792	-1.474609	17.324219	1003.414062
369	-0.018898	0.408049	104.190231	-7.121742	-0.329819	999.974609	-2.451172	4.384766	1003.658203
370	-0.01395	0.408626	104.19548	-7.131813	-0.243464	999.974548	-2.451172	4.384766	1003.658203
371	-0.011184	0.412285	104.192924	-7.195677	-0.195195	999.974121	-2.939453	10.732422	1007.076172
372	-0.006164	0.410999	104.198441	-7.173228	-0.107584	999.974243	3.896484	4.140625	1004.634766
373	-0.010488	0.412118	104.184776	-7.192756	-0.183053	999.974121	0.966797	5.849609	998.53125
374	-0.010609	0.411913	104.225571	-7.189168	-0.185156	999.974121	4.384766	8.779297	1004.146484
375	-0.011983	0.411779	104.240265	-7.186829	-0.209132	999.974182	8.046875	10.488281	997.554688
376	-0.010495	0.412323	104.254143	-7.196332	-0.183162	999.97406	-3.183594	10.244141	1001.705078
377	-0.010155	0.412895	104.23304	-7.206317	-0.177236	999.973999	3.896484	5.605469	1000.484375
378	-0.010887	0.413214	104.217255	-7.211888	-0.190006	999.973999	1.943359	14.638672	1003.658203
379	-0.010039	0.425764	104.220284	-7.43091	-0.175215	999.972351	6.337891	7.070312	998.53125
380	-0.005199	0.428656	104.222595	-7.481388	-0.090736	999.971985	2.675781	11.464844	999.019531
381	-0.007757	0.429583	104.225403	-7.497559	-0.13539	999.971863	2.675781	11.464844	999.019531
382	-0.01024	0.427608	104.216156	-7.463092	-0.178709	999.972107	3.408203	4.384766	1006.099609
383	-0.006802	0.431171	104.208977	-7.525281	-0.11872	999.97168	7.314453	9.267578	1005.855469
384	-0.007077	0.433847	104.205948	-7.57199	-0.123506	999.971313	3.652344	10	1005.611328
385	-0.006612	0.435567	104.21476	-7.602001	-0.115397	999.971069	2.431641	10	999.996094
386	-0.006034	0.43475	104.213303	-7.587742	-0.105317	999.971191	6.582031	9.023438	1003.169922
387	-0.005011	0.436361	104.210609	-7.615863	-0.087464	999.971008	3.896484	7.802734	1003.169922
388	-0.012524	0.439268	104.210381	-7.666593	-0.218583	999.970581	2.431641	10	1005.611328
389	-0.005404	0.435276	104.19062	-7.596929	-0.094318	999.97113	1.699219	6.582031	1005.123047
390	-0.003189	0.43333	104.181404	-7.562968	-0.055653	999.971375	0.966797	7.558594	1005.123047
391	-0.004321	0.4324	104.206055	-7.54674	-0.075421	999.971497	4.384766	7.070312	999.996094
392	-0.005228	0.434513	104.175545	-7.583618	-0.09124	999.971252	4.384766	7.070312	999.996094
393	-0.005471	0.433281	104.162491	-7.562113	-0.095482	999.971375	1.210938	6.337891	998.53125
394	0.004517	0.426616	104.147209	-7.445781	0.078842	999.97229	0.234375	10.244141	1002.193359
395	0.005697	0.428641	104.157753	-7.481129	0.099426	999.971985	4.873047	6.582031	997.554688
396	0.007146	0.432049	104.152695	-7.540599	0.124712	999.971558	1.699219	7.558594	1005.367188
397	0.001892	0.432916	104.142593	-7.555737	0.033022	999.971436	5.361328	7.558594	1002.193359
398	0.009717	0.434469	104.126785	-7.582834	0.169587	999.971252	6.826172	6.826172	1003.902344
399	0.013628	0.437549	104.146507	-7.636602	0.237852	999.970825	-3.427734	9.755859	1000.484375
400	0.014265	0.436193	104.138199	-7.612939	0.248965	999.971008	1.455078	10.732422	1002.925781
401	0.008302	0.445175	104.15464	-7.769693	0.144893	999.969788	1.943359	8.046875	994.625
402	0.009786	0.444365	104.165009	-7.755554	0.170797	999.96991	1.943359	8.046875	994.625
403	0.008676	0.446826	104.173553	-7.798499	0.151422	999.969604	6.337891	7.070312	1003.169922
404	0.012721	0.451363	104.175285	-7.877687	0.222018	999.968933	5.117188	12.441406	1001.216797
405	0.010504	0.441078	104.176865	-7.698181	0.183332	999.970337	-1.71875	15.371094	1002.681641
406	0.009574	0.444705	104.16011	-7.761482	0.167097	999.969849	-0.009766	7.070312	1001.216797
407	0.011135	0.444758	104.156113	-7.762412	0.194332	999.969849	4.873047	10.732422	1000.972656
408	0.006979	0.446037	104.152039	-7.784744	0.121803	999.969666	1.210938	12.929688	1003.902344
409	0.007133	0.442551	104.172119	-7.723896	0.124491	999.970154	4.140625	4.873047	1005.123047
410	0.005276	0.440718	104.16581	-7.69191	0.092086	999.970398	3.408203	5.117188	1005.123047
411	0.004325	0.439867	104.169746	-7.677053	0.075478	999.97052	6.09375	14.150391	997.310547
412	0.007381	0.437691	104.167572	-7.639079	0.128827	999.970825	6.09375	14.150391	997.310547
413	0.005438	0.435158	104.164299	-7.594869	0.094901	999.97113	0.478516	12.441406	1000.972656
414	0.012305	0.429109	104.167114	-7.489297	0.214753	999.971924	2.1875	13.90625	1000.728516
415	0.016823	0.417359	104.172989	-7.284224	0.293604	999.97345	0.234375	9.023438	1001.216797
416	0.02065	0.413455	104.182747	-7.21608	0.360399	999.973877	0.722656	14.150391	998.775391
417	0.020134	0.41188	104.171089	-7.188599	0.351397	999.974121	5.117188	9.511719	1000.484375
418	0.024404	0.409371	104.179588	-7.144804	0.42592	999.974365	5.605469	12.929688	1004.146484
419	0.015218	0.408856	104.187698	-7.135829	0.265601	999.974487	8.779297	9.511719	997.066406
420	0.012404	0.406953	104.172417	-7.102614	0.216481	999.974731	-4.160156	10.244141	1001.216797
421	0.012364	0.40688	104.183517	-7.101345	0.21579	999.974731	-0.498047	7.314453	1000.240234
422	0.00402	0.407232	104.151108	-7.107474	0.070166	999.974731	-0.498047	7.314453	1000.240234
423	0.001673	0.414491	104.160461	-7.234174	0.029203	999.973816	7.070312	13.173828	998.53125
424	0.000493	0.415031	104.181839	-7.243594	0.008609	999.973755	-1.962891	7.070312	1001.460938
425	0.005118	0.418531	104.205032	-7.30468	0.089324	999.973328	3.408203	10	1003.169922
426	0.005212	0.419231	104.188568	-7.31689	0.09096	999.973206	5.117188	12.441406	1000.728516
427	0.008897	0.411606	104.183151	-7.183825	0.155276	999.974182	0.478516	8.291016	1004.146484
428	0.006488	0.411141	104.196365	-7.175701	0.11324	999.974243	1.210938	11.708984	999.019531
429	0.007067	0.415478	104.202087	-7.251404	0.123338	999.973694	5.605469	13.417969	1003.902344
430	-0.002308	0.403028	104.153191	-7.034112	-0.040283	999.975281	-0.009766	3.652344	999.507812
431	0.005065	0.403381	104.130417	-7.040271	0.088396	999.97522	3.408203	14.394531	1001.949219
432	-0.000886	0.404688	104.122559	-7.06308	-0.01547	999.975037	3.408203	14.394531	1001.949219
433	-0.001855	0.403706	104.133568	-7.045945	-0.032378	999.975159	2.431641	8.535156	1000.240234
434	-0.006243	0.397037	104.14682	-6.929555	-0.108963	999.976013	-0.742188	16.347656	1004.390625
435	-0.007468	0.395884	104.153893	-6.90943	-0.130341	999.976135	0.722656	12.685547	998.53125
436	-0.003905	0.400976	104.202888	-6.998298	-0.06815	999.975525	-1.962891	7.070312	1002.681641
437	0.00857	0.389498	104.187508	-6.797966	0.149563	999.976868	2.675781	8.779297	1002.681641
438	0.005282	0.393604	104.199104	-6.86964	0.092193	999.976379	3.164062	10.244141	1001.949219
439	0.000271	0.394202	104.23568	-6.880068	0.004726	999.976318	3.408203	13.90625	1004.878906
440	0.001226	0.396172	104.25164	-6.914458	0.021389	999.976074	3.896484	13.173828	1003.169922
441	0.002462	0.394381	104.257973	-6.883193	0.042965	999.976318	-1.230469	0.234375	1001.216797
442	0.002462	0.394381	104.257973	-6.883193	0.042965	999.976318	-1.230469	0.234375	1001.216797
443	0.003871	0.396628	104.248314	-6.922416	0.067567	999.976013	5.361328	7.070312	999.263672
444	-0.000013	0.397334	104.266815	-6.934737	-0.000231	999.975952	2.1875	12.929688	1004.146484
445	-0.006408	0.394142	104.263306	-6.87903	-0.111836	999.976318	3.408203	11.708984	1001.216797
446	-0.010924	0.387665	104.240883	-6.765971	-0.190655	999.977112	3.896484	12.197266	1003.414062
447	-0.012908	0.385879	104.231628	-6.734811	-0.225278	999.977295	1.455078	9.511719	1009.029297
448	-0.007497	0.384308	104.202126	-6.707384	-0.130847	999.977478	4.140625	6.582031	1001.216797
449	-0.008229	0.386483	104.171806	-6.745349	-0.143622	999.977234	0.966797	11.464844	1000.484375
450	-0.004822	0.386319	104.149368	-6.742491	-0.084152	999.977295	6.09375	3.164062	1001.216797
451	-0.004302	0.386246	104.125549	-6.741217	-0.075082	999.977295	6.09375	10.976562	998.287109
452	-0.001738	0.384064	104.128555	-6.703135	-0.030339	999.977539	0.966797	8.779297	1000.484375
453	-0.001738	0.384064	104.128555	-6.703135	-0.030339	999.977539	0.966797	8.779297	1000.484375
454	0.004192	0.38534	104.117798	-6.725403	0.073171	999.977356	1.699219	7.070312	1003.902344
455	0.004713	0.387062	104.139626	-6.755459	0.082255	999.977173	-0.253906	4.628906	1000.484375
456	0.009183	0.389793	104.156609	-6.803112	0.160266	999.976868	-1.474609	10.976562	1004.878906
457	0.010222	0.385673	104.129959	-6.731218	0.1784	999.977356	3.896484	10.488281	999.263672
458	0.011251	0.387064	104.138077	-6.755492	0.19637	999.977173	3.896484	10.488281	999.263672
459	0.000272	0.384953	104.117706	-6.718652	0.00475	999.977417	7.558594	11.464844	1001.705078
460	-0.005254	0.37961	104.105263	-6.625404	-0.091693	999.978027	4.873047	9.511719	1001.460938
461	-0.00938	0.375663	104.090569	-6.556506	-0.163701	999.978516	2.431641	11.953125	1004.390625
462	-0.010374	0.376052	104.098717	-6.563304	-0.18105	999.978455	3.164062	6.826172	1002.925781
463	-0.01519	0.377411	104.09462	-6.58702	-0.26511	999.978271	-0.742188	9.267578	1003.169922
464	-0.015687	0.378375	104.12571	-6.603838	-0.273776	999.978149	3.164062	10.976562	1001.705078
465	-0.018043	0.383596	104.141388	-6.694958	-0.314907	999.977539	3.652344	10.976562	1007.076172
466	-0.019111	0.385333	104.129852	-6.725282	-0.333551	999.977356	5.849609	14.394531	1002.4375
467	-0.018776	0.385613	104.128098	-6.730159	-0.327702	999.977295	2.675781	14.882812	1006.34375
468	-0.013964	0.389221	104.12355	-6.793138	-0.243708	999.976868	4.384766	11.464844	1007.320312
469	-0.014521	0.387198	104.132484	-6.757837	-0.253434	999.977112	4.384766	11.464844	1007.320312
470	-0.012103	0.384164	104.144615	-6.704872	-0.211239	999.977478	2.675781	14.150391	1004.634766
471	-0.006007	0.377465	104.14267	-6.587953	-0.104846	999.978271	3.896484	6.09375	999.996094
472	-0.00538	0.37144	104.144264	-6.482799	-0.093898	999.979004	2.431641	14.150391	1002.925781
473	-0.002304	0.379287	104.114624	-6.619756	-0.040208	999.978088	2.675781	11.708984	1005.367188
474	-0.007056	0.384937	104.100044	-6.718365	-0.123155	999.977417	5.361328	13.417969	999.507812
475	-0.006262	0.383575	104.123245	-6.694596	-0.109297	999.9776	3.652344	8.291016	1004.146484
476	-0.011798	0.381103	104.124588	-6.651459	-0.205911	999.977844	2.919922	10.976562	1004.390625
477	-0.016059	0.375611	104.144653	-6.555593	-0.280282	999.978455	3.652344	9.267578	1001.949219
478	-0.017262	0.377253	104.14991	-6.584264	-0.301274	999.978271	2.919922	13.662109	1003.169922
479	-0.014136	0.377116	104.155579	-6.581866	-0.246721	999.978333	5.849609	14.150391	1003.414062
480	-0.015397	0.380245	104.144257	-6.636472	-0.268716	999.977966	5.849609	14.150391	1003.414062
481	-0.012601	0.382073	104.139755	-6.668375	-0.219926	999.977722	5.605469	14.394531	1002.681641
482	-0.010954	0.377666	104.115089	-6.591474	-0.191174	999.978271	7.558594	10.244141	1005.123047
483	-0.006276	0.372929	104.132408	-6.5088	-0.109533	999.978821	-0.253906	4.628906	1001.460938
484	-0.007027	0.38213	104.131943	-6.669378	-0.122635	999.977722	-1.962891	6.09375	1004.878906
485	-0.008069	0.380706	104.14093	-6.644527	-0.140831	999.977905	2.1875	10.488281	1004.878906
486	-0.014707	0.375926	104.138588	-6.561095	-0.256678	999.978455	6.337891	9.023438	998.53125
487	-0.010987	0.374257	104.154221	-6.531975	-0.191752	999.978638	4.140625	6.337891	1002.193359
488	-0.012389	0.373968	104.179764	-6.526919	-0.216216	999.978699	-4.404297	13.173828	1001.949219
489	-0.006469	0.376774	104.15107	-6.575892	-0.112906	999.978394	12.929688	13.662109	1001.705078
490	0.002768	0.374724	104.13121	-6.540124	0.048304	999.978638	4.384766	13.173828	1003.902344
491	0.005639	0.374506	104.124802	-6.536312	0.09841	999.978638	4.384766	13.173828	1003.902344
492	0.002459	0.370616	104.127922	-6.468425	0.042915	999.979065	4.384766	9.023438	1002.4375
493	0.001354	0.37082	104.125465	-6.471987	0.023634	999.979065	2.431641	6.582031	1000.484375
494	0.008545	0.369408	104.117485	-6.447337	0.14914	999.979187	0.478516	5.605469	1009.761719
495	0.007756	0.362404	104.14489	-6.325105	0.13536	999.97998	4.140625	13.417969	999.263672
496	0.007896	0.363182	104.148949	-6.338672	0.137804	999.979919	2.1875	10.976562	1000.240234
497	0.001573	0.36578	104.136452	-6.384022	0.027453	999.979614	3.652344	7.558594	1001.216797
498	0.000369	0.374992	104.132812	-6.544798	0.006447	999.978577	4.140625	3.408203	999.263672
499	0.001064	0.376886	104.137283	-6.57785	0.018571	999.978394	6.09375	10	1004.146484
500	0.001952	0.373986	104.107498	-6.527246	0.03406	999.978699	3.896484	9.755859	1000.240234
501	0.001173	0.372458	104.099602	-6.500573	0.020471	999.978882	3.896484	9.755859	1000.240234
502	0.005054	0.371084	104.085182	-6.476595	0.088212	999.979004	5.605469	11.464844	1001.216797
503	0.0033	0.370483	104.102226	-6.466095	0.057601	999.979065	5.361328	11.464844	999.019531
504	0.003841	0.371341	104.098167	-6.48107	0.067033	999.979004	9.511719	8.291016	1000.972656
505	-0.001567	0.37516	104.079117	-6.547739	-0.027353	999.978577	5.849609	10	1004.146484
506	-0.001649	0.376436	104.062553	-6.569993	-0.028786	999.978394	-1.474609	14.394531	1002.193359
507	-0.007403	0.378999	104.06842	-6.614727	-0.129196	999.978088	-1.474609	10.488281	1002.193359
508	-0.008907	0.380407	104.07476	-6.639312	-0.155461	999.977966	-3.671875	10.488281	1001.216797
509	-0.019493	0.376279	104.063087	-6.567267	-0.340203	999.978394	7.314453	8.535156	996.822266
510	-0.019033	0.378211	104.031624	-6.600976	-0.332189	999.978149	3.652344	10.488281	1000.240234
511	-0.013019	0.376213	104.03878	-6.566103	-0.227217	999.978394	-3.427734	9.267578	1003.658203
512	-0.015238	0.373064	104.024284	-6.511155	-0.265941	999.97876	-0.986328	11.708984	1005.855469
513	-0.020948	0.372815	104.021576	-6.506803	-0.36561	999.97876	0.722656	9.755859	1001.460938
514	-0.02	0.373811	104.024376	-6.524178	-0.349054	999.978638	7.314453	13.173828	999.996094
515	-0.0201	0.365886	104.017899	-6.385865	-0.350808	999.979553	8.779297	14.638672	1002.4375
516	-0.017285	0.366002	104.02697	-6.387894	-0.301667	999.979553	2.675781	10	1000.484375
517	-0.016742	0.367712	104.046753	-6.41774	-0.292188	999.97937	2.675781	10	1000.484375
518	-0.022511	0.374581	104.065971	-6.53763	-0.392875	999.978577	-3.671875	9.023438	1001.216797
519	-0.02159	0.375029	104.049049	-6.54545	-0.376806	999.978516	-2.207031	5.849609	1001.949219
520	-0.021379	0.375425	104.038147	-6.552351	-0.373123	999.978455	3.652344	14.394531	1000.240234
521	-0.02069	0.38226	104.056641	-6.671639	-0.361105	999.977661	1.699219	6.337891	1004.878906
522	-0.01563	0.383847	104.046455	-6.69935	-0.272784	999.977539	4.628906	10	1004.634766
523	-0.019971	0.384323	104.059494	-6.707653	-0.34856	999.977417	-0.498047	10.976562	1004.146484
524	-0.010226	0.384503	104.062019	-6.710792	-0.178474	999.977478	5.605469	9.023438	1005.123047
525	-0.009098	0.386201	104.059868	-6.740424	-0.158782	999.977295	3.408203	9.267578	1002.925781
526	-0.006434	0.387834	104.075645	-6.768924	-0.112301	999.977112	11.220703	13.662109	1001.460938
527	-0.005503	0.387779	104.081184	-6.767965	-0.096046	999.977112	4.384766	11.464844	1008.541016
528	-0.003105	0.386832	104.095741	-6.751438	-0.054193	999.977234	4.384766	11.464844	1008.541016
529	0.002151	0.389164	104.088043	-6.792149	0.037538	999.976929	-0.742188	11.464844	1002.925781
530	0.001323	0.388432	104.101105	-6.779369	0.023082	999.97699	2.1875	4.140625	1005.611328
531	-0.003249	0.386287	104.111938	-6.741926	-0.056712	999.977295	4.628906	12.685547	997.066406
532	-0.004136	0.389905	104.102798	-6.805073	-0.072191	999.976868	6.337891	4.384766	1002.193359
533	0.000861	0.382669	104.104065	-6.678785	0.015025	999.977722	4.873047	10	1002.681641
534	0.005038	0.373499	104.105492	-6.518744	0.087935	999.97876	2.919922	5.849609	1001.216797
535	0.008565	0.377763	104.102005	-6.593166	0.14948	999.978271	-0.742188	11.464844	1001.949219
536	0.008445	0.38238	104.108742	-6.673737	0.147389	999.977722	0.966797	11.953125	999.751953
537	0.009881	0.382562	104.142921	-6.676919	0.172459	999.977722	0.722656	9.023438	1002.4375
538	0.010868	0.383155	104.136223	-6.687266	0.189677	999.9776	0.722656	9.023438	1002.4375
539	0.010603	0.386183	104.132599	-6.740121	0.185057	999.977295	-0.498047	4.873047	999.263672
540	0.019501	0.390301	104.132309	-6.811988	0.340346	999.976746	3.164062	10.732422	1003.902344
541	0.018558	0.390398	104.104965	-6.813678	0.323892	999.976746	8.046875	10.244141	1001.949219
542	0.017338	0.392104	104.094398	-6.843458	0.302591	999.976562	4.873047	9.755859	1001.949219
543	0.0142	0.391607	104.075233	-6.834787	0.247832	999.976624	-2.451172	3.652344	1001.460938
544	0.015176	0.391755	104.062263	-6.837355	0.264864	999.976562	-1.230469	5.361328	1004.146484
545	0.015825	0.390128	104.068344	-6.808966	0.276184	999.976807	4.628906	12.197266	1001.705078
546	0.027565	0.395838	104.067223	-6.908625	0.481094	999.976013	0.234375	9.267578	1004.878906
547	0.031052	0.401994	104.062561	-7.016055	0.541954	999.97522	1.210938	11.708984	999.263672
548	0.024471	0.400887	104.081596	-6.996746	0.427097	999.975403	1.210938	11.708984	999.263672
549	0.020556	0.403947	104.099136	-7.050154	0.358769	999.975098	3.408203	4.628906	999.507812
550	0.022034	0.403157	104.103813	-7.036358	0.384564	999.975159	4.384766	12.197266	1000.484375
551	0.026565	0.408979	104.12204	-7.137974	0.463629	999.974426	0.478516	13.90625	997.554688
552	0.028339	0.4149	104.113693	-7.241313	0.494587	999.973633	3.652344	12.441406	1008.052734
553	0.036508	0.411634	104.113533	-7.18431	0.63717	999.973999	3.652344	12.441406	1008.052734
554	0.040612	0.411943	104.117691	-7.189695	0.708797	999.973877	-2.207031	4.873047	1003.414062
555	0.042038	0.409054	104.120689	-7.139279	0.733681	999.974243	9.511719	5.361328	1004.878906
556	0.039274	0.408518	104.092949	-7.129925	0.685449	999.974365	-1.474609	5.117188	1001.705078
557	0.05146	0.407592	104.116997	-7.113761	0.898117	999.974304	0.966797	10	1003.414062
558	0.059592	0.408193	104.10804	-7.124249	1.040059	999.97406	-0.986328	9.755859	997.310547
559	0.057601	0.40541	104.12616	-7.075678	1.0053	999.974487	1.699219	7.314453	1005.123047
560	0.059937	0.404405	104.141075	-7.058143	1.046066	999.974548	3.896484	3.896484	1002.681641
561	0.055608	0.403112	104.160065	-7.035577	0.97052	999.974792	2.1875	6.826172	1003.658203
562	0.05312	0.404166	104.154984	-7.053977	0.927089	999.97467	-2.695312	15.371094	1000.972656
563	0.05312	0.404166	104.154984	-7.053977	0.927089	999.97467	-2.695312	15.371094	1000.972656
564	0.049652	0.404103	104.139587	-7.052877	0.866567	999.974731	5.849609	5.849609	997.798828
565	0.052639	0.40565	104.119362	-7.079862	0.918705	999.974487	6.09375	12.929688	999.019531
566	0.046557	0.415512	104.105553	-7.25199	0.812555	999.973389	3.408203	10.244141	1007.320312
567	0.052555	0.415827	104.097214	-7.257482	0.917227	999.973267	-0.742188	9.511719	1005.367188
568	0.044808	0.42437	104.114136	-7.406581	0.782018	999.97229	-1.962891	12.441406	1005.367188
569	0.053434	0.412672	104.129387	-7.202425	0.93258	999.973633	4.628906	11.953125	1003.658203
570	0.049837	0.409016	104.118965	-7.138618	0.869805	999.974121	-1.71875	7.070312	1002.925781
571	0.048905	0.401968	104.105774	-7.015612	0.853539	999.975037	7.558594	11.953125	1003.414062
572	0.046105	0.401432	104.087425	-7.006256	0.804671	999.975159	2.431641	6.337891	1001.216797
573	0.046105	0.401432	104.087425	-7.006256	0.804671	999.975159	2.431641	6.337891	1001.216797
574	0.046091	0.400217	104.072273	-6.985042	0.804414	999.975281	5.361328	7.070312	998.287109
575	0.038323	0.395291	104.067612	-6.899079	0.668855	999.975952	8.291016	12.441406	1001.949219
576	0.038682	0.395781	104.057678	-6.907624	0.675108	999.975891	2.919922	11.464844	1000.728516
577	0.03684	0.397322	104.058174	-6.934513	0.642962	999.975769	4.384766	14.394531	1002.681641
578	0.035065	0.398983	104.037361	-6.963511	0.611983	999.975586	1.943359	11.953125	1002.925781
579	0.03233	0.397931	104.026505	-6.945154	0.564252	999.975708	5.849609	2.1875	1004.390625
580	0.041569	0.400751	104.013939	-6.994375	0.725493	999.975281	-0.253906	10.488281	1000.728516
581	0.047194	0.397468	104.016495	-6.937071	0.82367	999.975586	-0.253906	6.09375	1004.878906
582	0.049482	0.391351	104.003403	-6.830308	0.863605	999.976318	2.919922	15.615234	1003.414062
583	0.041963	0.389868	103.997772	-6.804428	0.732374	999.976562	2.919922	15.615234	1003.414062
584	0.047346	0.393798	104.016624	-6.873017	0.826321	999.976013	2.431641	8.291016	1006.832031
585	0.046202	0.394275	104.01461	-6.881339	0.806358	999.976013	-1.474609	8.291016	996.578125
586	0.039754	0.394298	104.004036	-6.881735	0.693814	999.976074	1.699219	14.882812	996.578125
587	0.036167	0.393815	103.991791	-6.873321	0.631224	999.976196	8.291016	12.685547	1002.925781
588	0.023891	0.391804	104.00737	-6.838213	0.416965	999.976562	8.291016	12.685547	1002.925781
589	0.021609	0.392264	104.012817	-6.846239	0.377144	999.976501	4.628906	18.300781	996.333984
590	0.022416	0.393788	104.024643	-6.872835	0.391221	999.976318	2.919922	13.90625	1006.832031
591	0.028375	0.401682	104.029663	-7.010622	0.495234	999.975281	3.896484	10.732422	1000.972656
592	0.027717	0.400917	103.98008	-6.997263	0.483746	999.975403	-1.962891	12.441406	1000.240234
593	0.036386	0.40228	103.955513	-7.021051	0.635033	999.975159	4.140625	7.314453	998.53125
594	0.036881	0.406805	103.951019	-7.100019	0.643679	999.974609	1.699219	10.976562	1003.658203
595	0.039654	0.410694	103.951004	-7.167903	0.69208	999.97406	6.09375	9.755859	998.287109
596	0.051218	0.410699	103.953453	-7.167994	0.893896	999.973938	4.628906	6.337891	999.507812
597	0.049518	0.409677	103.955528	-7.150159	0.864231	999.97406	5.361328	10	998.53125
598	0.054653	0.413573	103.943192	-7.21814	0.953856	999.973511	5.361328	10	998.53125
599	0.053158	0.417432	103.942764	-7.285506	0.927752	999.973022	-0.742188	2.431641	1003.902344
600	0.052299	0.41757	103.947578	-7.287915	0.912765	999.973022	1.943359	16.591797	1001.460938
601	0.050005	0.417659	103.947212	-7.289469	0.872725	999.973022	4.873047	6.09375	1003.414062
602	0.047294	0.416737	103.968987	-7.273362	0.825419	999.973206	-1.962891	10.488281	1003.902344
603	0.053756	0.416391	103.983437	-7.26733	0.9382	999.973145	-1.962891	14.150391	1006.587891
604	0.064328	0.427565	103.981598	-7.462351	1.122712	999.971497	3.652344	9.511719	1003.902344
605	0.066702	0.418565	103.982399	-7.305274	1.164144	999.972656	7.558594	3.652344	1005.611328
606	0.06441	0.416846	103.99157	-7.27527	1.124137	999.9729	2.919922	8.046875	1002.925781
607	0.062916	0.422076	104.007469	-7.366544	1.098061	999.97229	7.070312	13.173828	1003.414062
608	0.068015	0.420602	103.989258	-7.340825	1.187056	999.972351	7.070312	13.173828	1003.414062
609	0.065682	0.426764	103.983696	-7.448376	1.14634	999.971619	2.1875	6.09375	1002.681641
610	0.063853	0.429832	103.961372	-7.501915	1.114409	999.971252	2.1875	14.638672	1002.4375
611	0.068759	0.429005	103.958183	-7.487478	1.200029	999.971252	4.628906	6.09375	1005.855469
612	0.07414	0.424968	103.931526	-7.417016	1.29396	999.97168	5.605469	12.197266	999.019531
613	0.072775	0.423378	103.921356	-7.389277	1.270131	999.971863	5.605469	12.197266	999.019531
614	0.072041	0.422306	103.913918	-7.370569	1.257316	999.972046	2.431641	7.558594	1000.972656
615	0.077405	0.423968	103.935989	-7.399568	1.35094	999.971741	4.628906	9.755859	1003.414062
616	0.080253	0.425179	103.930916	-7.420703	1.400638	999.971497	-0.986328	6.337891	1000.484375
617	0.082385	0.426776	103.935677	-7.448574	1.437849	999.971252	2.1875	4.873047	1002.4375
618	0.087333	0.431415	103.958786	-7.529547	1.524198	999.97052	4.873047	3.408203	999.507812
619	0.080888	0.434642	103.955475	-7.585856	1.411715	999.970215	-2.695312	12.197266	996.578125
620	0.079403	0.434041	103.947823	-7.575369	1.385804	999.970337	7.314453	3.896484	1005.367188
621	0.075845	0.433262	103.931114	-7.561769	1.323711	999.97052	0.478516	10.244141	1003.169922
622	0.072055	0.434683	103.952751	-7.58657	1.257555	999.970459	-0.253906	11.464844	1003.414062
623	0.072055	0.434683	103.952751	-7.58657	1.257555	999.970459	-0.253906	11.464844	1003.414062
624	0.073103	0.42603	103.960594	-7.435552	1.275858	999.971558	0.722656	10.244141	998.042969
625	0.072673	0.423285	103.953835	-7.387658	1.268356	999.971924	1.699219	11.708984	1008.052734
626	0.076093	0.427839	103.965828	-7.467125	1.328034	999.971252	1.699219	9.511719	1000.972656
627	0.070047	0.425055	103.940285	-7.418533	1.22251	999.971741	0.478516	13.90625	1005.611328
628	0.067963	0.422213	103.934448	-7.368932	1.186149	999.972168	7.070312	4.140625	997.310547
629	0.061339	0.419075	103.958054	-7.314181	1.070542	999.972656	4.384766	12.197266	1001.460938
630	0.044616	0.419847	103.946037	-7.327643	0.778674	999.972839	-1.230469	4.628906	1005.367188
631	0.038769	0.420129	103.937904	-7.332574	0.676628	999.9729	6.337891	9.755859	1006.832031
632	0.037676	0.420008	103.933464	-7.330462	0.657558	999.9729	6.337891	13.173828	1005.367188
633	0.036654	0.407745	103.942329	-7.116428	0.639723	999.974487	6.337891	13.173828	1005.367188
634	0.043007	0.405289	103.967201	-7.073573	0.750595	999.97467	7.070312	12.441406	1001.460938
635	0.041389	0.404928	103.960022	-7.067274	0.722349	999.974792	1.943359	6.826172	1000.484375
636	0.025764	0.40457	103.961388	-7.061014	0.449656	999.974976	0.722656	13.90625	1002.193359
637	0.02496	0.404632	103.961769	-7.062098	0.435617	999.974976	2.919922	12.685547	994.869141
638	0.03109	0.405786	103.953369	-7.082251	0.542617	999.974792	2.919922	12.685547	994.869141
639	0.029373	0.405266	103.976463	-7.073173	0.51264	999.974854	3.164062	5.849609	998.775391
640	0.028961	0.405139	103.974472	-7.070943	0.505449	999.974854	0.966797	15.126953	996.333984
641	0.024229	0.406369	103.953148	-7.09241	0.422874	999.974731	10.976562	6.826172	1002.193359
642	0.02771	0.411332	103.963715	-7.179042	0.483625	999.974121	5.117188	7.314453	1002.681641
643	0.025133	0.409768	103.961647	-7.151731	0.438636	999.974304	0.478516	9.511719	1007.564453
644	0.023769	0.410795	103.959236	-7.169657	0.414831	999.974182	-2.207031	9.511719	1003.414062
645	0.030784	0.410765	103.918533	-7.169143	0.537264	999.974182	-1.474609	11.220703	999.751953
646	0.031153	0.412895	103.925606	-7.206322	0.543713	999.973877	2.919922	7.802734	1001.460938
647	0.036319	0.410406	103.949371	-7.162879	0.633873	999.974121	1.455078	6.337891	1002.4375
648	0.03553	0.410897	103.942551	-7.171449	0.620095	999.974121	1.455078	6.337891	1002.4375
649	0.032385	0.416969	103.947159	-7.277417	0.565206	999.973389	3.652344	16.835938	1002.681641
650	0.029904	0.413994	103.94101	-7.225489	0.521917	999.973755	5.117188	7.314453	1003.169922
651	0.036123	0.411894	103.943794	-7.188849	0.630446	999.973938	9.755859	6.826172	1002.193359
652	0.034186	0.403132	103.960625	-7.035919	0.59664	999.975098	5.605469	7.558594	996.822266
653	0.030621	0.400838	103.988327	-6.99589	0.534424	999.975403	5.605469	7.558594	996.822266
654	0.030519	0.399364	103.986183	-6.970156	0.532638	999.975586	10.244141	12.929688	1004.878906
655	0.03174	0.39769	103.98848	-6.940952	0.553957	999.975769	7.070312	10.976562	995.845703
656	0.027343	0.400608	104.022522	-6.991869	0.477207	999.975464	7.558594	8.779297	998.775391
657	0.017912	0.399011	104.000343	-6.963991	0.31262	999.975708	4.384766	8.291016	1001.460938
658	0.017648	0.400126	104.009468	-6.983458	0.308015	999.975586	0.966797	13.90625	996.578125
659	0.011549	0.398404	104.022255	-6.953409	0.201566	999.97583	5.605469	4.628906	1005.123047
660	0.01176	0.397722	104.032852	-6.941509	0.205241	999.975891	5.117188	6.582031	1006.34375
661	0.006392	0.392529	104.032486	-6.850869	0.111552	999.976501	6.09375	10.732422	1005.611328
662	0.004952	0.390045	104.017723	-6.807521	0.086419	999.976807	1.943359	9.755859	1003.169922
663	0.004689	0.388981	104.003502	-6.788939	0.081838	999.976929	1.943359	9.755859	1003.169922
664	0.010153	0.385312	104.023796	-6.72492	0.177197	999.977356	4.873047	12.929688	1001.216797
665	0.006013	0.391469	104.048782	-6.832375	0.104952	999.976624	3.896484	12.929688	1001.216797
666	0.005391	0.385534	104.053177	-6.728789	0.094081	999.977356	7.070312	15.126953	1005.855469
667	-0.00437	0.386248	104.052818	-6.741255	-0.07627	999.977295	3.652344	15.371094	1005.367188
668	-0.00437	0.386248	104.052818	-6.741255	-0.07627	999.977295	4.140625	5.849609	1002.4375
669	0.003082	0.387566	104.066635	-6.764257	0.053789	999.977112	6.337891	6.582031	1007.564453
670	0.000162	0.388258	104.083908	-6.776326	0.00283	999.977051	5.849609	10.244141	1004.390625
671	-0.001418	0.384573	104.095177	-6.712007	-0.024741	999.977478	2.1875	8.535156	1004.878906
672	0.005982	0.373599	104.124611	-6.520485	0.10441	999.97876	6.09375	12.441406	1001.705078
673	0.011673	0.377578	104.122086	-6.589938	0.203722	999.978271	6.09375	12.441406	1001.705078
674	0.016296	0.383351	104.124947	-6.69068	0.284408	999.9776	-0.498047	4.140625	1002.925781
675	0.013576	0.384419	104.100754	-6.709332	0.236934	999.977478	0.478516	11.953125	1000.972656
676	0.018408	0.389707	104.105927	-6.801611	0.321266	999.976807	-0.498047	10.244141	999.996094
677	0.007699	0.386709	104.120491	-6.749291	0.134366	999.977234	-0.986328	7.802734	1001.460938
678	0.00671	0.382324	104.139526	-6.672755	0.117111	999.977722	-0.498047	14.638672	1003.902344
679	0.007956	0.383114	104.142349	-6.686555	0.138861	999.977661	0.722656	8.535156	1002.925781
680	0.009887	0.391976	104.156258	-6.841226	0.172558	999.976562	-0.986328	12.685547	998.775391
681	0.014032	0.390608	104.168655	-6.817344	0.244898	999.976746	4.628906	7.558594	996.333984
682	0.012941	0.397516	104.154991	-6.937909	0.225866	999.975891	5.605469	10.244141	1002.193359
683	0.020896	0.397392	104.126198	-6.935749	0.364694	999.975891	5.605469	10.244141	1002.193359
684	0.02086	0.398663	104.095764	-6.957933	0.364066	999.975708	-1.474609	11.220703	999.263672
685	0.019546	0.39875	104.104897	-6.959441	0.34113	999.975708	-4.892578	6.826172	1004.878906
686	0.016641	0.397999	104.102829	-6.946343	0.290432	999.97583	6.09375	10.244141	1000.728516
687	0.016369	0.398285	104.113113	-6.951326	0.285687	999.975769	5.117188	8.291016	1001.216797
688	0.014934	0.398491	104.113213	-6.954932	0.260647	999.975769	-1.962891	4.628906	1002.4375
689	0.013549	0.400076	104.137451	-6.982594	0.236461	999.975586	5.605469	6.09375	1005.611328
690	0.015541	0.395562	104.119316	-6.903811	0.271231	999.976135	-4.404297	8.535156	1001.949219
691	0.01918	0.394889	104.09304	-6.892061	0.334752	999.976196	-0.253906	12.197266	1004.634766
692	0.019848	0.394506	104.094849	-6.885381	0.346397	999.976257	7.802734	9.267578	1002.925781
693	0.018457	0.393352	104.104546	-6.865234	0.322127	999.976379	7.802734	9.267578	1002.925781
694	0.019066	0.392551	104.084061	-6.851257	0.332755	999.976501	3.652344	7.070312	1000.972656
695	0.019276	0.392105	104.087067	-6.843467	0.336421	999.976501	1.210938	8.046875	999.019531
696	0.014507	0.388662	104.068039	-6.783372	0.253193	999.97699	4.140625	12.929688	999.263672
697	0.017367	0.386134	104.057983	-6.739266	0.303101	999.977234	3.164062	6.582031	1004.390625
698	0.01933	0.387018	104.056679	-6.754683	0.337356	999.977112	3.164062	6.582031	1004.390625
699	0.023705	0.38972	104.044609	-6.801849	0.413716	999.976807	4.384766	6.582031	1001.460938
700	0.017903	0.387507	104.055481	-6.763223	0.312456	999.977051	3.896484	11.220703	1010.005859
701	0.019644	0.387573	104.060593	-6.764371	0.342847	999.977051	-0.742188	11.953125	1000.240234
702	0.020661	0.386341	104.065681	-6.742871	0.360596	999.977173	-0.253906	8.291016	1000.972656
703	0.022433	0.385343	104.058044	-6.725455	0.391527	999.977295	2.1875	7.558594	999.751953
704	0.017041	0.381757	104.039253	-6.662869	0.297413	999.977783	7.314453	10.976562	999.507812
705	0.014232	0.379978	104.02961	-6.631816	0.248383	999.977966	6.826172	11.220703	1005.123047
706	0.013559	0.372027	104.043938	-6.493052	0.236643	999.978882	2.675781	17.324219	1002.4375
707	0.010382	0.368968	104.021828	-6.439654	0.181192	999.979248	3.164062	7.070312	999.507812
708	0.013666	0.371034	104.019188	-6.475712	0.238505	999.979004	3.164062	7.070312	999.507812
709	0.012401	0.368955	104.023132	-6.43944	0.21643	999.979248	3.652344	15.126953	1000.972656
710	0.015245	0.363611	103.993164	-6.346164	0.266065	999.979797	-1.962891	15.126953	1000.240234
711	0.016172	0.36394	103.993835	-6.351914	0.282242	999.979797	6.582031	8.535156	1001.705078
712	0.011716	0.364465	103.972565	-6.361074	0.204485	999.979736	4.140625	10.976562	1001.216797
713	0.016611	0.363749	103.951668	-6.348577	0.289908	999.979797	4.140625	10.976562	1001.216797
714	0.015921	0.365281	103.936005	-6.375319	0.277875	999.979614	2.919922	10	1005.855469
715	0.010966	0.374038	103.924637	-6.528149	0.191394	999.978699	7.802734	7.314453	998.287109
716	0.006193	0.374478	103.910622	-6.53582	0.108093	999.978638	5.117188	12.197266	1000.972656
717	0.005902	0.373926	103.909027	-6.526199	0.102999	999.978699	1.210938	7.558594	1004.634766
718	-0.001059	0.375649	103.915848	-6.55626	-0.018479	999.978516	2.675781	12.685547	1006.34375
719	-0.002529	0.376312	103.910309	-6.567828	-0.04414	999.978455	-0.498047	5.605469	1000.728516
720	-0.000673	0.377986	103.923286	-6.597044	-0.011739	999.97821	5.605469	10.488281	1006.832031
721	-0.002562	0.377282	103.918518	-6.584772	-0.044709	999.978333	1.943359	9.267578	1002.925781
722	-0.001402	0.376523	103.916962	-6.571514	-0.024467	999.978394	4.873047	9.755859	1005.367188
723	-0.003735	0.36966	103.941696	-6.451736	-0.06518	999.979187	6.826172	8.291016	993.648438
724	-0.003735	0.36966	103.941696	-6.451736	-0.06518	999.979187	6.826172	8.291016	993.648438
725	-0.007916	0.370136	103.938232	-6.460048	-0.138149	999.979126	-2.207031	2.675781	1000.972656
726	-0.008057	0.369261	103.932213	-6.444769	-0.14061	999.979248	11.464844	10.732422	1008.052734
727	-0.002744	0.372143	103.932243	-6.49508	-0.047899	999.978882	2.675781	14.882812	1002.4375
728	-0.001168	0.371741	103.929573	-6.488066	-0.020389	999.978943	1.210938	14.638672	1001.705078
729	-0.007617	0.377017	103.905029	-6.58014	-0.132934	999.978333	5.117188	10.488281	1005.123047
730	-0.007656	0.380153	103.919876	-6.634876	-0.133616	999.977966	2.431641	13.90625	1000.484375
731	-0.00909	0.378276	103.925148	-6.602114	-0.158655	999.97821	2.675781	8.779297	997.066406
732	-0.008458	0.378893	103.918839	-6.612888	-0.147623	999.978149	-0.498047	5.605469	1000.484375
733	-0.0155	0.379503	103.918678	-6.623527	-0.270516	999.978027	-3.671875	10	1002.4375
734	-0.012473	0.378871	103.925438	-6.6125	-0.217689	999.978088	3.896484	10.488281	1001.460938
735	-0.009034	0.379696	103.932762	-6.626889	-0.157669	999.978027	3.896484	10.488281	1001.460938
736	-0.014576	0.378393	103.958641	-6.604153	-0.25439	999.978149	-0.742188	12.929688	1002.681641
737	-0.007131	0.382684	103.998779	-6.67904	-0.124453	999.977661	1.699219	9.267578	1001.705078
738	-0.006698	0.379528	103.99218	-6.623968	-0.116894	999.978027	2.1875	8.046875	1003.658203
739	-0.004927	0.380303	103.996887	-6.637485	-0.085993	999.977966	2.431641	14.394531	1002.193359
740	-0.010139	0.384806	104.031029	-6.716074	-0.176953	999.977417	5.117188	7.802734	1000.728516
741	-0.017383	0.390175	104.037224	-6.809789	-0.30338	999.976746	8.535156	9.755859	999.263672
742	-0.018348	0.388265	104.032509	-6.776454	-0.320221	999.97699	2.919922	12.441406	1001.460938
743	-0.023181	0.385278	104.083054	-6.724312	-0.404567	999.977295	-0.498047	13.417969	995.601562
744	-0.023842	0.381506	104.09523	-6.65848	-0.416108	999.977722	-3.916016	9.023438	1007.076172
745	-0.021333	0.387867	104.094521	-6.769504	-0.372329	999.97699	-0.253906	8.291016	1002.681641
746	-0.021333	0.387867	104.094521	-6.769504	-0.372329	999.97699	-0.253906	8.291016	1002.681641
747	-0.019536	0.39059	104.09388	-6.817028	-0.340956	999.976685	3.408203	7.314453	1000.240234
748	-0.020037	0.393279	104.081917	-6.863958	-0.349704	999.976379	5.117188	13.417969	1004.146484
749	-0.028343	0.392958	104.077156	-6.858356	-0.494659	999.976379	4.384766	10.244141	999.996094
750	-0.030651	0.391996	104.090843	-6.841575	-0.534951	999.97644	3.896484	9.023438	998.042969
751	-0.029526	0.393194	104.11544	-6.862477	-0.515316	999.976318	-3.427734	11.953125	1005.123047
752	-0.019868	0.401268	104.111549	-7.003382	-0.346761	999.975403	4.140625	10.244141	1003.902344
753	-0.012022	0.398633	104.112473	-6.957401	-0.209824	999.975769	1.210938	12.197266	1001.949219
754	-0.01022	0.396326	104.130356	-6.917133	-0.178372	999.976074	1.699219	11.220703	1000.484375
755	-0.011601	0.396086	104.127617	-6.912944	-0.202473	999.976074	3.408203	9.267578	999.996094
756	-0.011692	0.396323	104.121948	-6.917088	-0.204063	999.976074	2.431641	7.802734	999.507812
757	-0.02157	0.39315	104.108284	-6.861701	-0.376458	999.976379	2.431641	7.802734	999.507812
758	-0.031741	0.394093	104.105904	-6.878161	-0.553977	999.976196	2.431641	12.929688	1007.808594
759	-0.031533	0.394354	104.116806	-6.882713	-0.55035	999.976135	0.478516	4.140625	999.751953
760	-0.030916	0.393525	104.112206	-6.868254	-0.539572	999.976257	4.384766	13.90625	1001.216797
761	-0.024953	0.388538	104.11219	-6.78122	-0.435505	999.976929	4.628906	13.90625	1001.216797
762	-0.025951	0.389794	104.120125	-6.80313	-0.452928	999.976746	1.210938	4.873047	998.287109
763	-0.023177	0.39339	104.110115	-6.865898	-0.404508	999.976318	3.652344	2.675781	1005.855469
764	-0.027376	0.394458	104.070557	-6.88453	-0.477784	999.976196	4.873047	10.732422	1000.484375
765	-0.02501	0.395187	104.063583	-6.897268	-0.436488	999.976135	0.234375	6.337891	999.263672
766	-0.031113	0.391119	104.043198	-6.826255	-0.543007	999.976562	5.605469	11.708984	1007.076172
767	-0.028328	0.390663	104.052368	-6.818303	-0.49441	999.976624	0.234375	10	1003.169922
768	-0.03254	0.39018	104.057816	-6.809875	-0.567923	999.976624	0.234375	10	1003.169922
769	-0.036863	0.387734	104.047195	-6.767186	-0.643372	999.976868	-1.474609	7.070312	1000.240234
770	-0.035188	0.388361	104.039978	-6.778119	-0.614137	999.976868	1.455078	6.582031	1000.240234
771	-0.037909	0.398652	104.034866	-6.957742	-0.661616	999.975586	2.1875	11.708984	1004.390625
772	-0.036258	0.400281	104.050186	-6.986157	-0.632802	999.975403	2.1875	7.558594	1003.414062
773	-0.035589	0.392701	104.04734	-6.853874	-0.621129	999.976318	1.210938	3.408203	1003.414062
774	-0.037073	0.392462	104.065842	-6.849706	-0.647034	999.976318	4.140625	11.708984	1004.146484
775	-0.033234	0.401019	104.080544	-6.99905	-0.580031	999.975342	4.873047	4.140625	997.798828
776	-0.033945	0.40125	104.055038	-7.003078	-0.592438	999.975281	5.849609	8.046875	1003.658203
777	-0.034394	0.400089	104.052765	-6.982821	-0.600266	999.975464	5.361328	11.464844	1002.925781
778	-0.035661	0.40641	104.054359	-7.093139	-0.622389	999.97467	1.210938	2.1875	1004.390625
779	-0.034488	0.402721	104.068207	-7.028746	-0.601923	999.975098	1.210938	2.1875	1004.390625
780	-0.029682	0.410134	104.084206	-7.158128	-0.518039	999.974243	6.337891	8.535156	1005.855469
781	-0.029251	0.413863	104.082581	-7.223213	-0.510515	999.973755	7.070312	9.511719	1003.414062
782	-0.027957	0.415077	104.088295	-7.244405	-0.487932	999.973633	-0.986328	10.488281	1002.681641
783	-0.028726	0.415544	104.077629	-7.252553	-0.501342	999.973572	4.384766	10.732422	1001.705078
784	-0.028479	0.414133	104.059059	-7.22792	-0.497032	999.973755	8.535156	6.582031	1005.611328
785	-0.032993	0.411646	104.060776	-7.184509	-0.575829	999.973999	2.1875	8.535156	1006.34375
786	-0.032401	0.409649	104.066109	-7.149661	-0.565489	999.974304	-0.253906	14.638672	1002.925781
787	-0.024693	0.41116	104.052155	-7.176031	-0.430966	999.974182	4.628906	12.197266	1003.414062
788	-0.026238	0.408675	104.055374	-7.132664	-0.457936	999.974487	-2.695312	7.558594	1002.4375
789	-0.025283	0.414794	104.051735	-7.239466	-0.441259	999.973694	2.1875	9.511719	997.554688
790	-0.025283	0.414794	104.051735	-7.239466	-0.441259	999.973694	2.1875	9.511719	997.554688
791	-0.028599	0.407248	104.059067	-7.107751	-0.49913	999.974609	-1.474609	9.267578	1002.681641
792	-0.025684	0.399621	104.042999	-6.974648	-0.448266	999.975586	7.070312	6.09375	999.507812
793	-0.029676	0.400493	104.063263	-6.989858	-0.51793	999.975464	3.896484	8.535156	1001.949219
794	-0.020706	0.401727	104.062904	-7.011402	-0.361384	999.975342	14.882812	16.347656	1001.216797
795	-0.014552	0.403493	104.064964	-7.04222	-0.253975	999.975159	3.652344	6.826172	1000.484375
796	-0.014102	0.404593	104.033432	-7.06142	-0.246127	999.975037	0.966797	6.582031	1001.705078
797	-0.013997	0.404602	104.041924	-7.061581	-0.244283	999.975037	4.384766	9.511719	1001.460938
798	-0.019141	0.399156	104.031746	-6.966526	-0.334073	999.975708	-2.939453	10	1000.240234
799	-0.019081	0.400151	104.030037	-6.983895	-0.33301	999.975586	5.849609	10.732422	1004.878906
800	-0.017966	0.404066	104.060471	-7.052218	-0.313554	999.975098	6.337891	12.441406	1002.925781
801	-0.018865	0.408235	104.088829	-7.124978	-0.329255	999.974548	6.337891	12.441406	1002.925781
802	-0.02242	0.411284	104.109985	-7.178192	-0.391297	999.974182	4.384766	10.976562	1003.169922
803	-0.018357	0.409691	104.124115	-7.150399	-0.320386	999.974365	-0.009766	3.896484	1002.193359
804	-0.020192	0.412798	104.13678	-7.204629	-0.352409	999.973999	3.408203	16.591797	1004.878906
805	-0.020733	0.411702	104.127495	-7.185488	-0.361855	999.974121	2.919922	11.464844	1001.949219
806	-0.019678	0.413014	104.135567	-7.208395	-0.343445	999.973938	4.140625	9.267578	1001.460938
807	-0.020905	0.405479	104.138947	-7.076883	-0.364846	999.974915	7.802734	10.976562	999.263672
808	-0.017035	0.405151	104.125748	-7.071156	-0.297309	999.974976	0.478516	10.732422	1003.902344
809	-0.018766	0.406149	104.112144	-7.088585	-0.327522	999.974792	6.826172	11.220703	1000.972656
810	-0.020226	0.406396	104.123978	-7.092881	-0.353004	999.974792	0.966797	9.023438	999.996094
811	-0.021169	0.406107	104.137505	-7.087842	-0.369454	999.974792	5.605469	11.464844	1001.216797
812	-0.016107	0.405744	104.173859	-7.081507	-0.281105	999.974915	5.605469	11.464844	1001.216797
813	-0.007992	0.410528	104.19738	-7.165011	-0.139487	999.974304	7.070312	12.441406	999.263672
814	0.00534	0.412093	104.195107	-7.192318	0.093205	999.974121	3.164062	7.802734	1004.634766
815	0.005567	0.409646	104.189339	-7.149603	0.097167	999.974426	-1.230469	9.755859	1001.216797
816	0.005906	0.409164	104.170425	-7.141199	0.103069	999.974487	5.605469	14.882812	1008.052734
817	0.005906	0.409164	104.170425	-7.141199	0.103069	999.974487	4.628906	7.558594	998.042969
818	0.004923	0.410622	104.172905	-7.166649	0.085927	999.974304	-3.671875	10.976562	1004.146484
819	0.002381	0.40921	104.188454	-7.142009	0.041551	999.974487	3.896484	5.849609	1001.216797
820	0.001904	0.409997	104.184967	-7.155731	0.033224	999.974426	4.628906	10.488281	995.845703
821	0.009455	0.410548	104.180344	-7.165351	0.165009	999.974304	1.210938	11.953125	1005.123047
822	0.020346	0.415902	104.197601	-7.258804	0.355092	999.973572	1.210938	11.953125	1005.123047
823	0.014678	0.42024	104.183662	-7.334511	0.25617	999.973083	3.408203	12.441406	1000.484375
824	0.011106	0.426993	104.200729	-7.452358	0.193834	999.972229	-1.71875	13.173828	1005.611328
825	0.004193	0.42702	104.192444	-7.452841	0.073177	999.972229	0.722656	13.417969	1003.902344
826	0.003268	0.41844	104.198601	-7.303086	0.057041	999.973328	1.943359	8.046875	1000.972656
827	0.004109	0.416044	104.183975	-7.261274	0.071721	999.973633	2.431641	13.417969	997.066406
828	0.00688	0.415947	104.209061	-7.259584	0.120076	999.973633	5.117188	-0.009766	1002.4375
829	0.003688	0.409824	104.230682	-7.152712	0.064359	999.974426	2.1875	10.732422	1004.146484
830	0.006155	0.409248	104.215126	-7.142661	0.107419	999.974487	4.384766	12.441406	1003.414062
831	-0.002313	0.405941	104.233055	-7.08495	-0.040371	999.974915	3.408203	13.173828	1008.052734
832	-0.000318	0.407819	104.192337	-7.117717	-0.005554	999.97467	3.408203	13.173828	1008.052734
833	-0.000999	0.405942	104.154671	-7.084968	-0.017432	999.974915	4.384766	6.826172	1003.169922
834	-0.002826	0.408202	104.159348	-7.124415	-0.049316	999.974609	-3.671875	7.558594	999.019531
835	-0.002392	0.406939	104.160347	-7.102373	-0.041755	999.974792	0.966797	10.488281	1000.484375
836	0.003595	0.402385	104.130989	-7.022881	0.062741	999.975342	0.234375	9.511719	998.775391
837	0.003613	0.401035	104.13961	-6.999326	0.063062	999.975525	10.732422	14.638672	1004.390625
838	0.000801	0.401293	104.139633	-7.00383	0.01398	999.975464	6.826172	7.802734	1002.681641
839	-0.000609	0.402042	104.100136	-7.016895	-0.010634	999.975403	1.943359	12.441406	999.751953
840	0.001552	0.398898	104.102005	-6.962032	0.027081	999.975769	-0.986328	7.802734	996.822266
841	-0.001262	0.396121	104.113716	-6.913565	-0.022023	999.976074	2.1875	9.511719	1004.390625
842	-0.000282	0.394773	104.130768	-6.890034	-0.004925	999.976257	2.919922	10	1003.414062
843	0.009407	0.399557	104.137917	-6.973535	0.16418	999.975647	2.919922	10	1003.414062
844	0.015568	0.394458	104.117439	-6.884542	0.271713	999.976257	2.675781	3.652344	1002.4375
845	0.013871	0.394762	104.120308	-6.889843	0.242083	999.976257	0.966797	8.046875	1001.949219
846	0.012822	0.396571	104.125099	-6.921417	0.223777	999.976013	9.267578	7.070312	999.263672
847	0.006585	0.397082	104.138786	-6.930339	0.114929	999.975952	0.722656	10	999.507812
848	0.015801	0.402893	104.137306	-7.031747	0.275776	999.97522	4.628906	5.605469	1007.564453
849	0.012627	0.399062	104.14167	-6.964898	0.220378	999.975708	1.210938	12.197266	1001.949219
850	0.011538	0.399695	104.109489	-6.975942	0.201374	999.975647	-0.498047	3.164062	999.507812
851	0.008551	0.394005	104.077652	-6.876638	0.149231	999.976318	1.455078	10.732422	1000.972656
852	0.005097	0.395602	104.036942	-6.904509	0.088958	999.976135	1.455078	10.732422	1000.972656
853	0.003304	0.396385	104.028114	-6.918175	0.057673	999.976074	4.140625	13.90625	1000.484375
854	0.007827	0.399156	103.997757	-6.966522	0.136596	999.975708	8.046875	11.708984	999.751953
855	0.012923	0.387785	103.988655	-6.76808	0.225551	999.977051	2.1875	9.755859	1002.4375
856	0.015088	0.388205	104.019547	-6.77541	0.263332	999.97699	0.478516	13.173828	1000.972656
857	0.016893	0.38827	104.018517	-6.776545	0.294833	999.97699	0.966797	9.755859	1002.4375
858	0.013215	0.383266	103.999649	-6.689205	0.230647	999.9776	3.652344	11.464844	1006.099609
859	0.014113	0.38299	103.98909	-6.684381	0.246312	999.9776	6.337891	9.023438	999.751953
860	0.008726	0.380112	104.02005	-6.634161	0.1523	999.977966	3.164062	12.441406	1005.123047
861	0.017472	0.383987	103.984436	-6.701782	0.30494	999.977478	6.582031	9.023438	1005.855469
862	0.01985	0.380864	103.951004	-6.647274	0.346435	999.977844	6.582031	9.023438	1005.855469
863	0.018241	0.382776	103.954269	-6.680656	0.318353	999.977661	2.919922	9.023438	999.751953
864	0.02	0.378144	103.96418	-6.599812	0.349056	999.978149	5.849609	6.826172	1001.705078
865	0.015677	0.376517	103.959694	-6.571422	0.273615	999.978394	5.849609	10	1001.460938
866	0.015977	0.382033	103.970222	-6.667692	0.278839	999.977722	7.314453	11.220703	999.751953
867	0.018928	0.387773	103.956314	-6.767863	0.330344	999.977051	7.314453	11.220703	999.751953
868	0.018588	0.385325	103.943375	-6.725145	0.324411	999.977356	5.849609	6.826172	999.507812
869	0.018372	0.382041	103.939293	-6.667828	0.320644	999.977722	3.408203	10.976562	999.507812
870	0.013915	0.373691	103.96357	-6.522099	0.242854	999.978699	3.408203	8.779297	1004.878906
871	0.008766	0.370364	103.971695	-6.46402	0.153001	999.979126	2.431641	10	1001.216797
872	0.008766	0.370364	103.971695	-6.46402	0.153001	999.979126	6.826172	12.685547	1001.216797
873	0.001983	0.380782	103.998184	-6.645844	0.034606	999.977905	0.722656	9.511719	1002.925781
874	-0.000064	0.37282	103.979111	-6.506885	-0.00112	999.978821	5.361328	13.662109	1005.367188
875	0.005126	0.378091	103.954559	-6.598879	0.089455	999.97821	0.234375	14.394531	1003.658203
876	0.007571	0.381273	103.97245	-6.654417	0.132131	999.977844	-1.962891	14.882812	1002.193359
877	0.007868	0.381354	103.955391	-6.65583	0.137319	999.977844	-1.962891	14.882812	1002.193359
878	0.000703	0.390922	103.966949	-6.822824	0.012274	999.976746	3.896484	10.488281	1003.902344
879	0.000419	0.389691	103.989601	-6.801347	0.007311	999.976868	9.511719	10.488281	997.310547
880	0.003904	0.387119	103.979408	-6.756448	0.068131	999.977173	6.09375	10	1005.855469
881	0.00491	0.387439	103.990967	-6.762028	0.085691	999.977112	1.699219	5.361328	1001.460938
882	0.010502	0.387651	103.978111	-6.765728	0.183288	999.977112	0.722656	16.591797	1002.4375
883	0.017144	0.397794	103.987335	-6.942751	0.299204	999.97583	0.478516	8.535156	1003.902344
884	0.016277	0.399261	103.984344	-6.968354	0.284077	999.975708	2.675781	7.070312	997.554688
885	0.014737	0.396465	103.97522	-6.919568	0.257209	999.976013	-6.601562	9.511719	1000.240234
886	0.020076	0.391689	104.001289	-6.836212	0.350376	999.976562	2.919922	10	1007.808594
887	0.017731	0.396703	103.999031	-6.923725	0.309458	999.976013	2.919922	10	1007.808594
888	0.016385	0.396417	103.983643	-6.918727	0.285968	999.976013	3.408203	10.488281	1007.320312
889	0.015897	0.396575	103.984566	-6.921484	0.277448	999.976013	5.361328	14.394531	997.310547
890	0.016266	0.39672	103.970078	-6.924012	0.283882	999.976013	2.675781	7.314453	1001.460938
891	0.017925	0.397653	103.971962	-6.940298	0.312844	999.975891	5.117188	12.929688	1001.949219
892	0.020514	0.397149	103.961189	-6.931509	0.358032	999.975891	3.408203	9.267578	1000.240234
893	0.020168	0.401865	103.991478	-7.013806	0.351982	999.975342	-0.009766	4.873047	1000.240234
894	0.021724	0.405713	103.984802	-7.080966	0.37914	999.974854	7.558594	8.535156	999.996094
895	0.021691	0.405178	103.983742	-7.071633	0.378574	999.974915	5.117188	11.464844	1003.414062
896	0.014791	0.397962	103.98494	-6.945697	0.258145	999.97583	-0.742188	10.732422	1005.123047
897	0.0141	0.393008	103.991287	-6.85923	0.246093	999.97644	-0.742188	10.732422	1005.123047
898	0.011466	0.39411	104.013016	-6.878467	0.200122	999.976318	2.1875	9.267578	1004.634766
899	0.007011	0.398253	104.01828	-6.950778	0.122364	999.97583	1.943359	11.220703	1003.414062
900	0.006477	0.397371	103.985687	-6.935368	0.113036	999.975952	1.699219	12.197266	1005.123047
901	0.006106	0.39283	103.973053	-6.856116	0.10656	999.976501	6.582031	10.244141	1006.832031
902	0.006368	0.390546	104.011124	-6.816254	0.111143	999.976746	2.675781	10.732422	999.751953
903	0.007162	0.390935	104.016342	-6.823045	0.125003	999.976685	7.558594	7.070312	1001.460938
904	0.004478	0.393068	104.005165	-6.860274	0.078148	999.97644	1.210938	3.896484	1003.902344
905	0.006352	0.393795	103.991852	-6.872966	0.110861	999.976379	1.943359	10	1004.878906
906	0.011156	0.389464	103.961678	-6.797383	0.194701	999.976868	7.558594	12.197266	1006.34375
907	0.009029	0.382838	103.946342	-6.681728	0.157578	999.977661	7.558594	12.197266	1006.34375
908	0.012335	0.390247	103.946312	-6.811038	0.215283	999.976807	1.210938	8.291016	999.263672
909	0.005333	0.392181	103.941139	-6.844799	0.09307	999.976562	3.896484	9.755859	996.578125
910	0.011341	0.392673	103.95507	-6.853386	0.19794	999.976501	0.722656	8.779297	1001.949219
911	0.00844	0.385557	103.928131	-6.729187	0.147302	999.977356	7.070312	10.732422	1004.878906
912	0.005905	0.386898	103.926346	-6.752595	0.103067	999.977173	3.652344	11.220703	1004.390625
913	-0.000838	0.379911	103.927246	-6.630657	-0.014633	999.978027	3.164062	9.023438	996.089844
914	-0.002668	0.381525	103.933243	-6.658826	-0.046556	999.977844	-4.160156	10.732422	1006.587891
915	0.000843	0.385143	103.961807	-6.721968	0.01471	999.977417	8.779297	11.708984	1002.193359
916	0.000568	0.385618	103.982666	-6.730246	0.009906	999.977356	-2.451172	10	995.113281
917	0.003447	0.380982	103.984154	-6.649349	0.060159	999.977905	-2.451172	10	995.113281
918	0.003102	0.382598	103.959885	-6.67754	0.054138	999.977722	3.896484	7.802734	1002.4375
919	-0.007446	0.379562	103.951492	-6.624552	-0.12995	999.978027	5.361328	5.361328	1001.705078
920	-0.005981	0.37874	103.970177	-6.610216	-0.104391	999.978149	3.652344	7.558594	1005.123047
921	-0.005823	0.381002	103.963585	-6.649689	-0.101625	999.977905	-2.451172	12.441406	1005.123047
922	-0.005619	0.380681	103.949715	-6.644083	-0.098075	999.977905	8.046875	7.802734	1001.216797
923	-0.012312	0.384969	103.941376	-6.718924	-0.214884	999.977417	6.09375	15.615234	996.822266
924	-0.024233	0.390068	103.934326	-6.807911	-0.422933	999.976746	1.943359	7.558594	1000.484375
925	-0.023782	0.390883	103.942818	-6.822146	-0.415058	999.976624	4.873047	7.070312	995.601562
926	-0.016777	0.399014	103.912537	-6.964057	-0.292806	999.975708	3.408203	7.070312	1004.634766
927	-0.018849	0.398962	103.927574	-6.963146	-0.328964	999.975708	3.408203	7.070312	1004.634766
928	-0.020198	0.400156	103.923683	-6.983983	-0.352513	999.975525	-1.230469	8.291016	1008.541016
929	-0.02025	0.400554	103.914612	-6.990922	-0.353424	999.975525	4.140625	14.150391	999.507812
930	-0.023126	0.401825	103.889305	-7.013117	-0.403618	999.975342	0.966797	7.802734	1001.460938
931	-0.022288	0.401734	103.912079	-7.011527	-0.388981	999.975342	-0.009766	4.140625	1003.902344
932	-0.025077	0.405251	103.903137	-7.0729	-0.437671	999.974915	-4.404297	17.324219	1001.216797
933	-0.023562	0.40664	103.902527	-7.097153	-0.411224	999.974731	4.384766	10.976562	1002.925781
934	-0.024186	0.407436	103.9076	-7.111034	-0.422107	999.974609	5.361328	9.511719	1003.658203
935	-0.01768	0.41137	103.898949	-7.179692	-0.308562	999.974182	-3.183594	11.953125	1001.460938
936	-0.015976	0.413777	103.909187	-7.22171	-0.27882	999.973877	2.1875	7.070312	1001.216797
937	-0.016691	0.413317	103.934662	-7.213677	-0.291303	999.973938	4.384766	10	1001.705078
938	-0.011915	0.418869	103.922272	-7.310573	-0.20795	999.973267	4.384766	10	1001.705078
939	-0.011425	0.416414	103.911278	-7.267726	-0.199398	999.973572	3.652344	9.267578	1001.949219
940	-0.017207	0.41376	103.915428	-7.221415	-0.300319	999.973877	2.431641	6.826172	997.798828
941	-0.017707	0.413316	103.945412	-7.213666	-0.309043	999.973938	5.117188	13.662109	1005.367188
942	-0.012548	0.411837	103.941917	-7.187846	-0.219005	999.974121	9.023438	7.314453	1001.705078
943	-0.012677	0.409181	103.926262	-7.141494	-0.22125	999.974487	5.117188	9.511719	1003.169922
944	-0.012741	0.409721	103.90416	-7.150919	-0.222374	999.974426	0.722656	3.164062	1002.4375
945	-0.014714	0.409207	103.89164	-7.141947	-0.256809	999.974487	2.919922	11.953125	997.066406
946	-0.021658	0.407553	103.885551	-7.113087	-0.377988	999.974609	6.337891	12.685547	1006.099609
947	-0.020913	0.406332	103.882614	-7.091763	-0.364994	999.974792	-0.986328	12.685547	1000.972656
948	-0.014774	0.401542	103.874741	-7.008174	-0.25785	999.975403	5.361328	8.046875	1003.902344
949	-0.00641	0.406006	103.867554	-7.08609	-0.11187	999.974915	5.361328	8.046875	1003.902344
950	-0.005124	0.404363	103.869247	-7.057413	-0.089429	999.975098	1.943359	6.826172	1003.169922
951	0.005214	0.401282	103.855644	-7.003628	0.091001	999.975464	6.582031	15.371094	1002.4375
952	0.00426	0.39974	103.879822	-6.97673	0.074342	999.975647	-0.253906	11.220703	996.578125
953	0.003693	0.396314	103.872665	-6.916931	0.064447	999.976074	5.361328	10.244141	1001.216797
954	0.003394	0.394271	103.854607	-6.881274	0.059241	999.976318	2.431641	14.150391	1001.216797
955	0.002358	0.394053	103.84156	-6.877465	0.041152	999.976379	3.652344	10.244141	1000.972656
956	0.003507	0.392799	103.862595	-6.855577	0.061202	999.976501	3.164062	15.126953	999.263672
957	0.002664	0.39246	103.83046	-6.849661	0.046497	999.976562	2.431641	11.708984	1003.658203
958	0.005335	0.384047	103.854492	-6.702829	0.093105	999.977539	6.09375	10.976562	1005.855469
959	0.001851	0.383659	103.854546	-6.696062	0.032306	999.9776	3.408203	12.929688	1001.216797
960	-0.008541	0.39465	103.874786	-6.887885	-0.149071	999.976257	3.408203	12.929688	1001.216797
961	-0.01224	0.403685	103.8424	-7.045579	-0.213631	999.975159	5.361328	9.511719	1000.484375
962	-0.013902	0.403185	103.842209	-7.036843	-0.242632	999.97522	-0.742188	4.873047	1003.902344
963	-0.010862	0.403199	103.846939	-7.037091	-0.189574	999.97522	3.652344	13.417969	1006.587891
964	-0.007504	0.40365	103.84745	-7.04497	-0.130969	999.975159	1.699219	9.023438	1004.146484
965	-0.007504	0.40365	103.84745	-7.04497	-0.130969	999.975159	-1.230469	2.1875	1004.146484
966	0.001118	0.402689	103.835831	-7.028186	0.019517	999.975281	9.511719	12.685547	1000.728516
967	-0.000548	0.400544	103.840622	-6.990752	-0.009557	999.975586	6.582031	12.197266	999.751953
968	0.003177	0.398176	103.832802	-6.949426	0.055442	999.97583	-0.498047	8.046875	1003.414062
969	0.000882	0.402751	103.832695	-7.029279	0.015392	999.975281	-0.498047	4.628906	1004.390625
970	-0.000717	0.403727	103.860855	-7.046307	-0.012517	999.975159	-0.498047	4.628906	1004.390625
971	-0.000516	0.402211	103.865921	-7.019856	-0.009004	999.975342	3.896484	9.267578	1003.169922
972	-0.000677	0.404057	103.877579	-7.052058	-0.01181	999.975159	0.966797	4.628906	1000.972656
973	-0.002217	0.406067	103.915627	-7.08714	-0.0387	999.974915	3.408203	10.976562	1004.878906
974	-0.002383	0.400678	103.931427	-6.993099	-0.04159	999.975525	0.478516	11.708984	1003.902344
975	-0.008126	0.404044	103.926819	-7.051839	-0.141821	999.975098	1.455078	9.511719	1000.972656
976	-0.011094	0.406348	103.935341	-7.092047	-0.193626	999.974854	2.675781	6.337891	995.601562
977	-0.011474	0.405013	103.935883	-7.068752	-0.200259	999.974976	3.164062	12.441406	1003.658203
978	-0.009425	0.404238	103.952415	-7.055225	-0.164491	999.975098	3.896484	12.197266	999.507812
979	-0.014006	0.404153	103.966255	-7.053737	-0.244452	999.975098	-0.253906	5.117188	1004.146484
980	-0.016046	0.403468	103.98658	-7.04179	-0.280054	999.975159	2.1875	11.953125	1000.728516
981	-0.007372	0.395391	104.00695	-6.900821	-0.128666	999.976196	2.1875	11.953125	1000.728516
982	-0.005359	0.394654	104.000359	-6.887955	-0.093527	999.976257	12.685547	12.685547	1001.460938
983	-0.002253	0.401346	103.993073	-7.00476	-0.039317	999.975464	2.1875	9.511719	998.53125
984	0.003451	0.404792	104.015556	-7.064898	0.060223	999.975037	2.431641	10.488281	997.554688
985	0.001329	0.401333	104.016777	-7.004522	0.023189	999.975464	-2.451172	4.873047	1002.681641
986	0.005428	0.394201	103.997047	-6.880053	0.094728	999.976318	7.314453	10	1005.611328
987	0.003362	0.393482	103.974991	-6.867501	0.05867	999.97644	1.943359	5.849609	1006.587891
988	0.00051	0.392459	103.958366	-6.849652	0.008903	999.976562	6.09375	1.210938	1006.099609
989	0.000933	0.387618	103.972549	-6.765153	0.016292	999.977112	4.140625	14.638672	1003.902344
990	-0.003201	0.388255	103.976532	-6.776276	-0.055864	999.977051	0.722656	11.464844	999.019531
991	0.000478	0.387927	103.990219	-6.77056	0.008336	999.977051	4.628906	13.173828	1001.460938
992	0.002492	0.38552	103.978355	-6.72855	0.043494	999.977356	4.628906	13.173828	1001.460938
993	0.00389	0.385585	103.987564	-6.729685	0.067895	999.977356	4.140625	7.070312	1000.484375
994	0.005124	0.384304	104.008835	-6.707325	0.089425	999.977478	4.628906	6.826172	1000.240234
995	0.014645	0.381289	104.026863	-6.654704	0.25559	999.977844	3.652344	12.441406	1002.681641
996	0.007361	0.377117	104.042404	-6.581888	0.128476	999.978333	3.164062	9.511719	996.089844
997	0.012079	0.380025	104.02507	-6.632637	0.210809	999.977966	1.699219	11.708984	999.996094
998	0.00619	0.377089	104.024933	-6.581389	0.108037	999.978333	7.070312	8.046875	1001.216797
999	0.011219	0.370571	104.04895	-6.467636	0.19581	999.979065	5.605469	15.859375	1001.705078
1000	0.0119	0.368766	104.059769	-6.436136	0.207691	999.979248	8.046875	11.708984	998.53125
